0.6372269705603039
0.7103513770180437
0.6993339676498572
0.5232668566001899
0.6447497546614328
0.691358024691358
0.67302192564347
0.3681868743047831
0.7782139352306182
0.5870698644421272
0.644114921223355
0.7711301044634378
0.7269969666329625
0.5619425173439049
0.654320987654321
0.7488106565176023
0.7288842544316997
0.5432098765432098
0.7281553398058253
0.6486229819563153
0.38746438746438744
0.694473409801877
0.7502374169040835
0.5185185185185185
0.535819430814524
0.6663190823774765
0.4932221063607925
0.5004748338081672
0.7184466019417476
0.7087967644084934
0.6942070275403609
0.5116796440489433
0.698450536352801
0.2424916573971079
0.46309403437815977
0.7330367074527252
0.6704653371320038
0.4301994301994302
0.698005698005698
0.5925925925925926
0.7692307692307693
0.5575642245480494
0.5783475783475783
0.49667616334283
0.6955280685061845
0.6803044719314938
0.5048439181916039
0.46740467404674046
0.3145853193517636
0.6298763082778306
