0.6365714285714286
0.7302904564315352
0.47986942328618065
0.7263157894736842
0.5724713242961418
0.8226882745471878
0.6916076845298281
0.6872693726937269
0.578268876611418
0.6153136531365314
0.44567219152854515
0.6809176225234619
0.5876383763837638
0.7214022140221402
0.6850828729281768
0.8055555555555556
0.6867599569429494
0.6687370600414079
0.6677489177489178
0.6108742004264393
0.7278415015641293
0.6398158803222095
0.6382978723404256
0.8322784810126582
0.7065934065934066
0.7363420427553444
0.6850886339937435
0.6268656716417911
0.5403151065801668
0.8011100832562442
0.7340129749768304
0.487360970677452
0.3238007380073801
0.583793738489871
0.7416331994645248
0.6976016684045881
0.8037974683544303
0.5816448152562574
0.8071955719557196
0.3013555787278415
0.7129186602870813
0.7311089303238469
0.6512915129151291
0.5846456692913385
0.6611418047882136
0.7637795275590551
0.8191881918819188
0.5876383763837638
0.6841620626151013
0.5870698644421272
