0.6522140221402214
0.6412940057088488
0.3918918918918919
0.6737327188940092
0.7497656982193065
0.6277372262773723
0.5620437956204379
0.43073811931243683
0.665129151291513
0.8116213683223993
0.6715328467153284
0.5469667318982387
0.7282099343955014
0.10269576379974327
0.6087369420702754
0.47928994082840237
0.651356993736952
0.5968194574368568
0.6879293424926398
0.5219831618334893
0.788659793814433
0.39471106758080315
0.6061739943872778
0.6987242394504416
0.7269267364414843
0.5986653956148713
0.6961904761904761
0.7095191364082434
0.630346232179226
0.7323775388291517
0.5575304022450889
0.7502338634237605
0.7198404785643071
0.6300294406280668
0.6155285313376988
0.44815256257449343
0.6408243375858685
0.6806818181818182
0.6875
0.6767983789260384
0.572926596758818
0.47437425506555425
0.6834112149532711
0.6263107721639657
0.2961418143899896
0.6992230854605993
0.7302192564346998
0.7293762575452716
0.5968194574368568
0.5893358278765201
