 12   3   0   1   0
  12 219 217  18  14
   0   3 169   0   1
  22  20  15  31   1
  37   6   7  11 169
 23   5   0   1   3
  28 325  72  22  59
   0   8  98   0   5
  38  14   6  60   7
  20  52   2   0 236
 33   4   0   0   1
  34 207 125   0   5
   0   0 151   0   2
 140   3   0  41  11
  46   1   1   0 106
 38   0   0   2  15
 139 438  33   4  25
   0   1   1   0   0
  50  14   2  53  27
  21   1   0   0 121
 16   3   2   5   1
   8 127 104  14  15
   0   1 198   0   3
   9  10  25  88   0
  22   1   2   7 142
 58  22   0  14   5
  32 188  21  34   2
   0   0 152   0   1
  14  11   2 103   1
  37  15   3  73 171
  9   2   0   4   0
  27 247  74  16   3
   0   1  79   0   1
   4   7   0 132   1
  84   6   1  24  87
 15  10   0   0   0
   2 138 284   0   3
   0   0 225   0   2
   4  42  54  81   0
  43   5   2   0  49
 20   0   0   0   4
  61 266  68  42   7
   0  10 143   2   4
  42  19  27  82  22
   5   1   2   6 236
 60   3   0   3   1
  93 107   1   6   1
   0 176  23   0   0
   8   5   8  45   2
 221  17  16  17 206
 11   1   0   0   0
  62 259  55  46  24
   0  24 142   2   1
  11  14  18 119   0
   9   0   0   1  40
 18   3   1   1   5
  16 286 109   2  14
   0  20 235   0   4
  29  21   4 115   8
  75   3   4   6  40
 23   0   0  10   3
  81 305  41  40  41
   0   7 129   0   4
  28   0   0 168  35
  14   0   1   6 113
 47   3   0  13   3
 175 203  13  34  16
   1  21  11  11   0
  60   0   0  77   0
  19   0   0   0 316
 23   0   0   4   0
 200 400  25  20  12
   0   2  33   0   1
  33  14  20  90   0
  28   1   0   2 161
 42   2   1   9   2
 170 308  33  18   9
   0   3  13   0   0
  44  23  13  88   4
  43   3   3   0 238
 74   6   0   0  31
 159  92   7   0  86
   0  22  91   0   4
   9   2   0  77   9
 102   0   0   0 282
 42   0   0   4   1
  75 338  13  51  20
   0  24  94   0   0
  19   6  11  88   1
 107  20   4   1 100
 30   5   1   4   4
  75 249  31   8  24
   0   5 127   0   1
  37   2   7  58   6
  34   2   2   1 326
100   3   0   5  11
 167 121  19  12  25
   5  23  77  22   7
  37   1   5 123  36
  47   4  27  32 144
  8   5   0   2   5
  67 278  81  37 103
   2   5  91   5   1
   5   6   3  60   1
  61  20   2   1 110
  0   1   1   2   2
  13 178 109  22  25
   1   1 165   3   4
  16   3   0 227   6
   6   0   1  20 153
 82  30   2  25   3
  35 292  87  45   1
   0   5  96   0   0
   5   1   0 170   1
  89   4   8  23  63
 25   0   0   3   6
 122 314  40   9  41
   0  25 135   0   2
  97   6  10  88  27
  14   0   0   4  98
 36   0   0   0   1
 138 221   7   4  11
   0  35  42   0   3
 145   5   4  62   8
  53   1   1   0  62
  9   3   0   0   2
   4 212 156   2  23
   0   0 181   1   1
  10  31  16 132   2
  16   1   0   1 194
 26  11   0   0   4
   4  85 191   1  33
   0   3 256   1  18
  16  17  13  66  12
  31   6   1   0 194
 26   1   0   1  12
  12 235  27  11  36
   0  41 211   3  13
  27  13  10  79   7
  27   0   2   1 104
  5   6  14   2   4
   6  46 232   0  15
   0   0 145 170   6
  20  38   8 120   3
  18   7  16   8 130
 28   0   0   0   2
 141 436  33   0  68
   0   0   0   0   0
  97  23  41  36  33
  14   3   2   0  82
  8   4   0   0   0
  15 225 256   2  15
   0   1 112   0   0
  33  33  14 132   2
  61   8   6   0  92
 35   1   0  12   0
  74 304  20   5   6
   0  24 105   0   4
  18  10  12  94   3
 163  11  11  14 143
 25   1   0   2   0
  54 329  61  19   9
   0   0 101   0   0
  46  17  10 140   5
  16   0   0   0 234
 20   0   0   0  21
 130 219   7  23  58
   1  23 166   0  10
  52   2   2 147  12
  19   0   0   0 157
 68  12   0   1   4
  80 281  91  13  15
   0   0  77   0   1
  30   8  11  96   2
  38   4   3   0 234
  3  37   1   8   1
   1 175  61   1  10
   0   6 196   0   2
  15  49  13 101   3
  33  29   1   5  37
 14   1   0   0   0
  42 390  27   7  22
   0  12 110   0   2
  40  12  18 165  14
  45   5   0   0  93
 13   7   0   0   0
  71 277 251  29   3
   0   0   8   0   0
  41   1   2 168   4
  36   6   2  15  25
 12  22   0   1   0
  23 372 108   7   1
   0   0   3   0   0
  36   5   0 127   1
 153  26   1  19 102
 28   4   0   6   2
  24 155 135  10  16
   0   5 181   5   6
  26   6   2 116   4
  51   1   1   3 142
 26  30   0   1   3
   0 166 209   1  22
   0   0 240   0  12
  20  18  11  92   6
  17  44   4   4  93
  7   0   0   0   0
 121 250  24  25  26
   0  30 106   0  16
  67  10  17  65  17
  51   2   5  39 175
 80  47   2   0  19
  61 243  39   1  81
   0   0   0   0   0
  85  36  21  29  17
  92  28   0   1 187
  6   2   0   2   1
  81 261  45  39  16
   0   7 109   0   0
  59   8  17 135   5
   9   3   2   3 214
 39   9   1   0   0
  41 298  64   3   0
   0   2 139   0   0
  35  15   4 124   2
  22   9   4   0 173
 32   0   0   0   1
 123 238  17   4  11
   0   7 189   0   2
  41   2   6 125   8
  16   7   4   1 125
 37   4   2  12  42
  36  88 204  15  54
   0   0 246  34  14
  33  34   6  78  11
   2   0   2   0 113
  5   0   0   0   5
  19 166  72  23  36
   0  32 316   6  13
  10   0   1 116   7
   0   0   0   0  96
 52   8   0  10   0
  61 369  32  34   0
   0   3  12   0   0
  26   7  20 113   2
 137  11   1  18  43
 26   6   2   6   3
  16 213 296  10  27
   0   0  59   0   1
  34  12   1 158   7
  15   0   1   2 174
