 11   3   0   1   0
   5 156 212   7   7
   0   0 217   5   8
  34   7   1 101   3
  65   6   2  11 222
  2   0   1   0   0
  68 158  64   6  40
   0  23 219   0  19
  35  20  21  80   1
  54  14  10   1 215
 79   0   1   4   5
 262  66   0  16  13
   2 130   0   2   1
  21   0   4  68   3
 108   0   7   6 164
 14  13   0   1   0
  33 239  48   8  18
   0  12 171  10   6
  26   5   6  42   3
  75  19  42  29 265
  7  11   2   0   2
   9 156 102   6   4
   0   4 331   3   1
  33  48   5  78   0
  32   4   1   0 228
 30   9   1   3   1
  28 221 141   9  76
   0   1  89   1   5
  42  15   5 141   5
  13   1   1   0 121
 24  11   0   0   1
 107 216  12  35  18
   1  74 152   2   0
  34   1   1  50  10
 106   6   1   0  97
 22   0   0   8   5
  68 112 274  65  73
   0   0 117   7  11
   5   1   4  59   1
  29   1   4   7 116
 10   0   0   0   7
  57 386  37   0  81
   0   0 154   0   4
 105   2   1  54  66
   3   0   0   0 117
 24   0   1   0   0
  31 312  61  34  17
   0   7 169   0   1
  24   4   4 161   2
  15   0   0   0 200
 23   0   1   3   2
  62 162 114  38  12
   0   0 107   1   6
  12   2  12  91   6
  31   0   2  11 261
  5   7   0   0   0
  61 311 144   3  10
   0   9 117   0   5
  14  60  37  22   0
  75  29   9   0 104
 10  13   2  23   5
   6 274  83  40   6
   0   0  97   0   0
  26   9   5 131   5
  22  18  12  15 265
  0   0   0   0   0
   1  19 593   2 102
   0   0   0   0   0
   0   0   0   0   0
   1   0   0   0  61
 21   1   0   0   2
 117 156  34  19  28
   1  49 218  59   8
  17   8   4  51  19
  43   3   0   0 195
 58   3   0   0   2
 273 194   3   6  20
   0  66  38   1   0
   3   0   1  28   0
  42   0   5  15  87
 30   1   2   1   2
  64 310 114   6  11
   0   1  48   0   0
  53  39   7 161   6
  10   7   9   1  75
 31   0   0   6  16
 109 223 123  35  29
   0   2 127  15   3
  36   4  13 172  17
  21   0   0   2  85
 26   9   0   7  15
  25 212 128  16  44
   0   0  87   0   0
  22   2   2 168   7
  25   0   0  16 208
 17   9   0   3   1
  30 184 179   3   5
   1   5 132   1   0
  30   2   6  58   0
 175  33  26   2 167
  6   7   0   5   6
  17 172  25   8  22
   0  33 229   0   9
  16   8   1  72   3
   4   0   0   0 133
  0   0   0   0   0
  51 140 107   0 441
   0   0   0   0   0
   0   0   0   0   0
  16   3   0   0 263
 71   7   0   8   1
 184 386  22  46  20
   0   0   0   0   0
  38  10  19  99  11
  30   1  12  12  92
 28   3   0   1   0
  68 312  71  10  11
   0  20 160   0   2
  14   6   2 137   1
  87   6   1   4  75
 15   1   0  20   0
  10 177  73  38   8
   0   5 185   1   5
  10   1   4 170   1
  47   2  28  33 217
 29   2   2   4   1
  15 121 176  46  18
   0   6 241   7  13
  19  17  30 102   6
  33   1  11  14 135
 18   1   0   1   2
  73 281  87  28  38
   0   9 114   4   3
  18   4   2 156  12
  33   4   0   0 162
 31   4   0   2   0
  58 311  80  16  19
   0   1  72   0   1
  25   7   3 199  13
  59   6   0   2 110
 37  14   3   6   4
  54 250 111  13   3
   0   0  13   0   0
  22  11   4 127   3
 101   3   2   9 192
 16   1   0   0   1
  74 290  34   6  27
   0   9  92   0   3
  19  12  17 161   3
  18   0   0   0  54
 51   4   0   0   4
 210 302  25   0  17
   0  11  60   0   2
  82  12  15  14   1
  50  38   2   0 169
 51   5   3   8   1
  44 259  85  15   2
   0   0  68   0   0
  21   1  10 171   3
  59   3   1   6 253
 17   1   0   9   1
  26 238  86  54   3
   0  13 233   1   0
  10   1   3 118   4
  46  10   6   7 116
 61   0   0   4   2
 127 353  26  13  13
   0   0  49   0   0
  34   2   8  88   1
 116  14   7  10  91
 51  26   0   8   5
  50 197  77  34  10
   0   3  74   2   1
  33   9   8 128   4
 108   2   8  23 208
  8  11   6   1   4
  10 133 265  15  36
   0   0  78  42   6
  15  14   3  94   4
   2  13  16   0  63
 18   0   0   0   0
  55 117  70  35   6
   0   1  76   0   1
  51   4   2 108   0
 120   0   1  20 334
 11   3   0   1   8
  45 209  22   4  76
   0  18 140   0  14
  57   5  12  79  12
   4   0   0   0 160
 20  10   1   1   4
  35 321 147   5  21
   0   1 123   0   4
  24  22   7  86   7
   2   2   2   0  99
 28   3   0   0   1
 128 303  13   1   0
   0   0   1   0   0
  67   8   0 112   0
  74  11  10   3 224
  6  10  25   0  15
   4 160 238   3  45
   0   4 227   0  29
  11  15   4  75  10
  24   6   5   0 133
  6   0   0   0   0
 185 226  12   3  44
   0  29  59   1   4
 108  12  18  72   7
  17   1   0   0  35
  6   0   2   1   1
   0  15 128   5  13
   0   0 322  55  12
   3   6   5  91   0
  30   1   6   3 151
 30   1   0   2   0
 112 305  88   4   5
   0   1  55   1   2
  57   3  19  63   4
  64   8  16   5 204
 10   0   0   1   2
 171  86   7  75 358
   0   3  48   3  37
   2   1   1   7   1
   8   2   1   2 133
  4   2   0   1   5
  17 109  39   6  83
   2   3  75   0  40
  13   6   1  50   2
  25  21   5   0 392
 30  10   0   8   7
  28 291  64  15  27
   0   2  40   0   0
  32   9   0  72  31
  42   5   0   3 333
 49   2   1   1   2
  42 217 100   0   9
   0   5 141   0   5
  32   5   1 105   7
  54   1   2   0 213
 54   9   0   0   1
 137 348  82   2  17
   0   0  26   0   1
  84   0   0   7   1
  90   2   0   5 203
  9   1   0   0   5
 122 282  49  10  76
   0   0 196   0   7
 105  21  21  94  21
   1   0   0   0  49
