0.6072874493927125
0.6845018450184502
0.5905598243688255
0.6609137055837564
0.7110834371108343
0.7007299270072993
0.6847960444993819
0.529718456725756
0.6987839101964453
0.43277723258096173
0.6805721096543504
0.6810598626104023
0.7035271687321258
0.6392961876832844
0.6613657623947614
0.6445275958840038
0.5849952516619183
0.6496565260058881
0.7603464870067372
0.5365622032288699
0.570385818561001
0.7539103232533889
0.6588566073102156
0.6191369606003753
0.5041716328963052
0.7301905717151455
0.6339737108190091
0.728587319243604
0.43768400392541706
0.5601539942252165
0.5583905789990187
0.637043966323667
0.775491113189897
0.6632366697848456
0.7072029934518241
0.649746192893401
0.7576054955839058
0.5119916579770595
0.6045142296368989
0.6695371367061357
0.60549558390579
0.5726495726495726
0.5042095416276894
0.7080078125
0.7855691056910569
0.7393117831074035
0.5267104029990628
0.7573131094257854
0.6141814389989573
0.5893358278765201
