  6   9  16   0  24
  10 120 220   0  39
   0   0 164   2   1
   2   2   2  66   2
  23  11  19   0 315
  0   0   0   1   0
  35 196 123   7  26
   0  39 149   1   2
   7   1   5  57   4
  25  13  11   5 346
 14   0   0   0   5
  97 263  25   0  15
   0  12  49   0   1
  74   0   0  16   0
  78   9   0   0 393
 10   1   1   5   4
  55 158 250  29  47
   0  31 227   3  12
   4   5  30  83   5
   9   3   3   5  73
 59   4   2   0  49
 146  81  15   2  68
   2   6 116   0   2
  24   0   1  10   9
  31   1   0   0 391
 21   1   0   3   0
 110 367   2  51   7
   0  42   1   1   0
   9   6   1  39   5
  78   7   1   1 300
 57  15   0   0   6
  54 193 123   8  20
   0  11 337   3  17
  41   7   2  58   3
  28   5   0   0  61
  0   0   0   0   0
  50 103 313 125  22
   0   0   0   0   0
   0   0   0   0   0
  41  11   5   1 228
  0  10   5   0   2
   4 237  74   0  15
   0  56 261   0   2
  17   3   4  89   1
  12   5  11   5 206
  3   0   1   0   4
  29  47 137  23 114
   0   1 176   8   8
  11  14  13 106   7
   1   2  18   5 231
 66   5   0   1   3
  79 322  13  10   4
   0   3   4   1   0
  28   1   7  81   0
 161  30  28  10 222
 15   3   0   0   4
  46 248 110  25   3
   0   0  62   0   0
  11   4   1 191   6
  16   2   2   8 296
  3   0   0   2   0
  42 257  86  15  40
   0   7 157   3   2
  19  10   3 106   8
  23   3   5   2 196
 14   2   1   2   7
 145 180  74  17  80
   1   5  22   7   4
  42   1   0  72  28
  24   0   0   2 279
 29   9   0   0   2
  31 320 113   4  20
   0   1  94   0   1
  49   4   2  97   4
  55  27  36   6 149
  4   1   0   0   4
  68 371  77   4   8
   0  17 135   0   3
  25  22  14 133  12
   6   0   0   3 144
 11  11   1   0   5
   8 154  86   5  18
   0   0 274   3   3
   9  41  11  24   6
  48   4   1   0 236
 50  63   3   0  13
  30 184  84   0   8
   2  27  65   0   1
 109  12  10  58  35
  74   8   2   0 215
 25   2   0   3   0
  45 178  15   9   6
   1 104 175   1   1
  29  12   4 158   1
  10   0   0   9 139
  1   0   0   0   1
  38 242 153  21  55
   0   8 194   4   4
  23   3   1 127   8
  33  14   2   2 119
 67  20   6   7  30
 216 178  75  40  92
   0   0   0   0   0
  17   3   6  28   3
  77  32  11  10 135
 32   1   0   0   1
  79 290  31  23  11
   0  21  43   0   0
  27   3   4  96   4
  67   2  12   7 205
 14   3   0   1   1
  29 310  40   4  15
   0  14  55   0   0
  23   9   7 126   3
 107   5   2   0 285
  0   0   0   0   0
  30 272 175 243  26
   0   0   0   0   0
   0   0   0   0   0
  14   3  15   1 274
 54  10   0  12   1
  72 289  33  47   2
   0   0  21   2   0
  19   9   7  78   4
 133  45  71   6 104
  5   7   4   5   0
   4 201 157   3   6
   0   0 128   0   1
  12  27  13 138   3
   8   0  11  59 167
  1   6   0   0   2
   0  44 322   2  53
   0   2 344   0  42
   0   5  43  59   4
   4   0   1   0  25
  0   1   0   1   0
   1  83 336  18  33
   0   1 333   1   6
   2  20  11  53   1
   1   9  50  34  58
 10  12   0   0   2
  24 330  39   3   7
   0  44  20   0   1
  36   6   2  42  16
   8   1   1   1 116
  4   5   0   0   4
   7 167 182  11  12
   0   3 179   6   3
   0   3  21  52   0
  25   5   1   0 299
  8   2   1   3   6
  21  74  79   9  72
   1  12 226  21  47
   1   6   8 157   1
  14   1   4  13 266
 22   3   0  13   2
 103 269   8 136   6
   0   0   0   0   1
  22   1   2  64   4
 120   0   0  18 105
 25  31   0   4   1
  26 322  51  13   7
   0   2  25   0   0
  34  14   3 123   5
  51  10   0   1  91
  0   0   0   0   0
  22 113  75  51 492
   0   2   5   1  14
   0   0   0   0   0
   4  10   3   7 100
 23  32   5   1  22
  47 210 133   2  55
   0   0   6   1   1
  34  37   6  33  20
 102  25   1   7 186
 17  21   0  13   1
  14 295  27  81   4
   0   2   6   0   0
   7  17   2 266   2
  38   7   1   3  75
 17   1   0   0   3
  53 267  93  14  34
   2  43 165   4   8
  15   5   8  84  16
  46   1   0   1 173
 20   2   0   1   4
 164 152  47 138   8
   0   0   7  25   0
  25   5  11  52   2
 129  30   5   4 222
  5   2   0   1   6
  23  73 109   1  37
   0   1 160   0  24
  49   0   1  67   5
  51   8   0   0 430
  4   1   0   2   2
  13 308 320   2  64
   0   0 109   0   1
   2   7   4  50   3
   2   5   1   0 153
  7   3   1   2   2
   2 167 177   9  15
   0   1 254   2   1
   5   4   1 104   3
   8   1   1   5 278
 58  15   0  15   0
  36 324  87  39   1
   0   0  53   0   0
  18   4   6  88   0
 199  35   4   6  63
 39   0   0  10   0
 117 207   0 201   2
   0  34   1   0   0
  15   0   0 151   2
  58   2   0   3 211
  7   7   0   0   0
  81 274   2  13   3
  42 159  47   6   3
   5   0   3  93   0
 180  26   0   0 102
 14   3   0   5   0
  57 450  11  27   0
   0   0   0   0   0
  12   6   3  97   2
 123  14   5  52 170
 14  21  10   4  10
  13  69 135   5  39
   0   0 173  10  24
   8   4   9 180   0
  20   4  11   9 279
  0   0   0   0   0
   5 325 256   8  21
   0   0   0   0   0
   0   0   0   0   0
  11  99  35  25 144
 19   2   2  29   0
  52 161   8 115   9
   0  86  16   3   0
   9   3   7  66   9
  72   9   5  13 118
 45   3   0   0   8
 266 106   2   0  17
  93 118   4   0  62
  64   9   7  29   4
  54   9   3   0 146
 19  54   6   7  12
  14 184 107  19  17
   0   0  15   0   0
  10  22  11  65   1
  79  22   6   2 379
