0.43047830923248054
0.6153091265947007
0.7413793103448276
0.7733071638861629
0.47399411187438667
0.5901981230448383
0.6977428851815506
0.5061728395061729
0.7844254510921178
0.7640047675804529
0.7929342492639843
0.5637663885578069
0.7859848484848485
0.6788321167883211
0.7174119885823026
0.6126340882002383
0.6239316239316239
0.7267987486965589
0.7764182424916574
0.6557734204793029
0.16361679224973089
0.5266604303086997
0.7397910731244065
0.6880841121495327
0.7351991388589881
0.7352941176470589
0.452991452991453
0.36087369420702753
0.8385565052231719
0.417201540436457
0.7108655616942909
0.5901981230448383
0.6418056918547596
0.7535301668806161
0.7006869479882237
0.5483870967741935
0.698292220113852
0.674264007597341
0.7293519695044473
0.6287799791449427
0.6605392156862745
0.6003787878787878
0.553030303030303
0.5227483751160631
0.5161923454367027
0.6382536382536382
0.6300738007380073
0.687007874015748
0.7219152854511971
0.7365853658536585
