  0   0   0   0   0
 147 163  92  38  30
   0   0   0   0   0
  14   3   5  45   1
  84  50  30  18 179
  3   8   3   3   4
   9 215  62   8  17
   0  33 196   0   8
   1  15  17  50   0
  56  17  91  40 163
  7   5   1   0   6
  25 342  41   6  15
   0  45 182   2   8
   7   4   4  73   3
  53  21   9  15 170
 54  10   0   4   2
  29 198  26   3   5
   0  38 260   0   3
  28  15   8 118   8
  43   7   1   1 158
115   0   0  13   0
 258 193   1  69   9
   0   2   0   0   0
  31   5  14 117   0
  91  12  12  19  58
 23   5   0   5   0
  31 230  48  17   2
   0   3 189   1   0
   6   1   1  65   0
 235   4   4  30  59
  0   0   0   3   1
  19  95 130  17  41
   0  18 239  23   9
  10   5   4  91   3
   5   1   3  16 286
  0   0   0   0   0
  56 111 274   1  45
   0   0   0   0   0
   0   0   0   0   0
  61  29   6  48 422
  0   1   2   0   9
   0  27 101   2  41
   0   2 377  34  14
   1   6   6  52   8
   0   0   0   0 370
  4   0   0   0   0
  78 291  21   3  14
   0  16  43   0   3
   9   3   0  27   0
  43   8   0   0 276
  9   0   0   1   0
  24  65  39   5   0
   0   3 209   2   3
   4   3   1  80   0
  54   0  14  58 445
 41  35   2   0   4
  18 191  96   4   8
   0   0  97   0   0
  20  26  15  36   2
  43  59  29   5 108
  1   1   0   0   1
  36 127  31  47  15
   0   5 115   2   1
   3   0   0  92   1
  45   5   4  29 495
 31  11   0   4   2
  13 235 105   6   9
   0   0  46   0   0
  22  26   3 212   8
  61   4  21  13 127
  4   9   2   3   1
   4 147  87  21   6
   0   7 246   0   3
   2   2   5  81   1
  59  24  18  43 276
 40   0   0   0   0
 122 171  27  16   0
   0   2  92   0   1
  26  21  10 146   0
  85   2   7   6  65
 76   1   0  11   3
  90 162   3  36   1
   0  92  34   1   0
   9   1   2  82   6
  78   0   5  57 303
 21   6   0   0   0
   9 197  75   6   5
   0   3 221  13   4
  11  10   0  66   0
  97   8  15   0 192
 12   0   1   0   0
  49 217   8   2   1
   0  54 151   0   5
  18   5   6 160   1
  49   1   0   1 158
 41  25   2   2   0
  51 346  63   1  12
   0   0  24   0   0
  12   4   4  43   2
 105  27   6   0 148
  6   0   0   0   8
 119   3   1   2 268
  18   5   5   1 217
   5   0   0   2 131
   2   0   0   0 136
 21   1   0   5   0
 195 238   3 150   5
   0   0   1   1   0
  34   8  10 144   1
  50   2  13  28 159
  7   7   0   5   1
   9 158  77   5   3
   0   2 153   5   1
   3   0   1  29   1
  51  90   3  10 432
 16   3   0   1   1
  86 164  43   1   2
   0  28 186   1   0
  30   8   5  71   2
  10   7  27  12 152
  2   0   0   1   0
  43 280  25  39  27
   0  73 160   0   8
   4   4   2  73   1
  14   1   1   3 168
  0   0   0   0   1
  50 392  54  14  62
   0  10 102   0   2
  21   8   2  83   2
  19  32   2   0 198
  0   0   0   0   0
   5 239 309  74   8
   0   0   0   0   0
   0   0   0   0   0
  81  66  33   0 238
 46   0   0   1   3
 448 108   1   5  34
   3  13   3   0   1
  59   1   3  94  16
  59  22   3   1 129
  4   7   0   4   1
   5 425  78  24  12
   0  20 112   0   1
   1   1   0  92   6
   7   2   0   1 250
  1   0   0   0   2
  87 246 115   1 130
   1  14  30   1  17
  49   9  11  14  15
   2   0   0   0  34
  6   7   1   1   3
  27 153 132   5  32
   1   4 216   1   3
  27  30   5  94   5
  17   5   3   5 303
  8   0   0   0   3
 136 373   7   1   4
   2 118  70   1   1
  41   3   9  61   4
  36  13  10   4  54
  4   0   0   3  30
  27 187   1  13 115
   0  37   7   0  22
  10   8   5  38  93
   0   0   0   1 418
  4   1   0   0   0
  31 297   8  34   9
   0  72 157   0   0
   8   8   3  98   1
  13   3   1   0  31
 20   0   0   3  12
 154 400  11  21  35
   0  27  18   0   2
  22   0   0 110  12
   5   0   0   1 166
 16  11   1   0   0
  32 229 116   4   4
   0   1 114   0   0
  33  11  32  49   8
 116  30   2   5  85
 14  27   1   6   4
   6 180 101   0   6
   0   8 344   1   4
  11  28   9  83   5
  86   7   0   8 115
 20   3   0   5   1
  72 295  12  12   1
   0  52 152   0   3
  10   3   6 132   1
  65   3  44  50 111
  9   1   0  12   0
   6 137  66  66   6
   0   0 147   0   2
  23  10   5 136   3
   4   0   1   8 145
 28   1   0   3   1
 123 312  14  18  11
   0   0   0   0   0
   5   1   8  52   4
 141  11  10   5 211
 11   0   0   0   2
  12 119 181   6   4
   0   0 157  25   0
  11  18   5  69   3
   7   0   1   2 183
  9  10   0   0   0
  45 323  58   5   6
   0   8 128   9   2
  14   6   3  28   1
 164  83   6   2 146
 47   5   1   7   4
 148 144  70  65  23
   0  11  66  17   1
   7   1   1  34   2
  71   0  15  23 293
 22  10   1   3   9
  14 218 182   7 101
   0   4  44   0  10
  27  14   3  58  28
  65  33   3   0 221
 27   3   1  12   4
 282 200   2  89  14
   0   0   0   0   0
  16   2   0 149   2
  15   8  22  21 150
 23   7   0   0   1
  30 294 146  65  16
   0   1  22   0   0
  22   7  14 153   2
  33   3   1   0 122
 40  13   0   0   4
  89 347  34   6   7
   0  32  67   0   2
 105  12   9  90   3
  76   7   2   0 139
  5   1   0   1   0
  16 174 144  47  15
   0   1 187   5   7
   6  33   2 131   2
  29   5   3   1 201
 18   5   0   7   7
  28 232 127  11  26
   0   2 102   0   3
  13   6   4 136  10
  38  10   4   1 296
  0   5   1   0   4
   6  99  91   2  21
   0   0  82   0   1
   5  19   3  54   1
   1   1   1   0 218
