 16   2   0   0   0
   1  40 134   1   1
   0   0 314   0   1
   6   8   9  65   4
 140   3   6   2 122
 32  10   1   0   4
  51 232   9   2  36
   0  31 132   0   5
   5  11   9  40  13
  49  20   3   1 268
  5   0   0   0  13
  71 107  18   9 254
   0   7  30   0   3
  18  12   6  64  48
   7   4   7   1 235
  7   0   2   2   2
  50 324  50  22  27
   0  18  45   0   0
  21   1   5 157   2
  41   5   2  10 157
  0   4   6   1   4
  11 115 182  12  42
   0   0 157  40  16
   5  15   5  51   5
  47   5  10   0 226
 28   6   0   0   1
  18 194  47  24   6
   0   5 296   3   3
   4   9   5  68   0
  53   0   1   1 277
  9   7   0   0   1
   6 123 177   2  25
   0   3 312   1   6
   3  15  23  28   2
  11   6  17   0 212
 40   4   0   4   0
  83 363  64  11   8
   1   5  31   2   0
  17   0   2 133   6
 117   1   1  13 178
 13   2   1   6   2
 214 233   1  57  13
   0   0   0   0   0
  47  11   4 126   5
  48  24  10  13 256
  7   0   0   2   2
 112 219  10  92  58
   0  26 130   0   7
  23   0   0 140   5
  75   2   1   2 171
 22  12  29   6   7
  17  52 299  16  18
   0   0 114  31   2
  10  10  29  45  16
  46  15  30   9 251
 46   0   0   2   3
 134 121  18  11  41
   1   9  47   1   0
  20   0   1  34  13
  39   0   0  13 405
  2  18   5   0  17
   4 188 258  42  16
   0   6  93   0   0
   5  17  15  50   4
  12  22   6   0 304
 34   1   0   0  12
 129 266  16   2  44
   0  35 100   0  10
  12   2   2  76  10
  26   1   0   0 306
 34   2   0   1   1
  78 182  25   2  11
   7  78 140   4   7
   7   3   2 110   9
  83  12   9   1 278
  8   0   0   2   1
  15  66   3  17   1
   0  10  45   3   1
   1   0   0  17   0
   7   2   3   4 154
  6   3   0   8   7
  39  86 117  24  32
   0   4  42   0   2
  24   5   7 122   1
  12   1   1   4 382
  0  23   1   2  12
   2 206  56   3 109
   0   1  84   0  17
   1  25   9  63   0
  19  32   3   5 293
 27  21   0   0   2
  17 285 117   6   8
   0   0  79   0   0
  49  21   4  99   2
  46  12   2   0 127
 13   2   1   1   2
  12 239 201  14  64
   0   0 165   1  14
   4   9   9  63  11
  19   0   1   0  93
  7  10   0   1   0
   0 240  86   8   3
   0  28 166   9   3
  32  22   2 154   2
  36  18   1   0 131
  1   2   1   0   4
   1  61 201   0  25
   0   2 249   3   5
   3  23  12  32   6
   9  10   6   0 213
 12   3   1   1   2
  60 314 139  27   7
   0   0  53   0   0
  13  39  23 117   3
  18   1   3   0 104
 13   9   0   2   2
   7 270  44  24   3
   0   5 166   0   0
  25  10  15 141   0
   9   3   0   1 199
 45  13   0  15   5
  57 186  64  12  18
   0   0  88   0   1
  29   3   0  56   1
  43   3   0   3 268
 27   9   1   1  26
  54 209  35   2  64
   0   5  28   0   2
   4   7   1  46   8
   3   0   0   0 310
 24   4   0   3   2
  58 215  12   4  30
   0  24 127   0   4
  31   6   9  83  18
  81   9   2   5 208
 34  56   2   5   1
   9 301  46  14   3
   0  12  70   0   0
   3  49  32  37   1
 130  19  12   6 230
  3   0   0   0  11
  51  92  13   0  35
 115 157  58  35  43
  11   5   3  13   8
   6   3   0   0 417
  9   1   0   1   2
  12 256  56  17  48
   0  34 137   1   4
   4   0   1  97  21
  11   2   0   0 367
  3   0   0   0   7
  74 211  53   3 115
   0   3  98   0   2
   3   4   4  24  11
   6   2   0   0 456
 33   2   0  14   7
 211 169   0 131  20
   1  27   0   0   0
  21   4   0 150   5
  61   0   0   3 130
 14   4   7   1   7
  99 177  77  70  43
  18  63  48  10  21
  17  24  19   5  22
  44  87  85  15 107
 10   2   2   8  21
  11  45 106  81  55
   0   3 198  76  15
   3  18  10  90  10
  22   5   0   4 291
 10   5   1   0   4
  17 280  35   2  26
   0  22  62   0   2
  31  15   9  35   0
  21   1   2   0 167
  8   2   1   2   2
  31 408 115  15  36
   0   2  61   0   6
  26  16  18 137  10
   6   1   1   0  55
  2   2   0   0   0
  17 298  44   6   5
   0  31 180   1   6
  21  16   6  71   0
  27   4   0   0 211
 21   6   1   0   1
  57 278 111   3  38
   0   0 134   0  18
   9  44  18  24   8
  32   4   1   0  31
 47  12   1   2  10
  11 139  54   2  15
   0  20 267   2   4
   4   6   4  81   1
  43   4   6   8 341
  0   2   4   0  31
   4  45  96   7 467
   0   1   6   0  31
   0   6   4   0  12
   0   4   1   0 238
 26   3   1   1  10
  74 156  70   5  51
   4  14 148   0   5
  24   1   0  61  11
  24   0   2   0 354
 27   5   0   7   1
  54 335  48  30   4
   0   3 147   2   1
  23   1   6 158   0
  82   1   3   3  78
 30   1   2   1   3
  74 219  54   9   5
   0  10 158   1   0
  59  31  11  57   2
  97   0   7  11 242
  7   4   0   3   1
  64 208  67  36  11
   0   4  96   0   1
   1   0   1  21   0
 163  43  21   2 262
  1   2   0   0   3
   4  26 207   1  53
   0   1 265   0  22
  10   7   9  22  31
   0  14   4   0 404
  3   7   1   9   2
   9 312  85   5  28
   0  17 182   0   4
  12  26   6 142  13
   7   1   1   7 137
 21   2   0   3   3
  13 264  65  10  26
   0   0 169   0   4
  34   4   3 160  19
  10   0   0   0 274
 49   1   0   1   1
 110 257 106   1   6
   0   0 124   0   0
  26   6  25 104   1
 140   6  15   2 103
 15   2   0   7   0
  80 461  12  31   8
   0  35  10   0   1
   5   0   1  93   0
  75  23  12  51 164
 10   0   0   1   3
 189 212  61  24  41
   1   3  27   0   4
   2   1   6  25   0
   9  46   5   0 289
