  0  24   0   9  10
   0 349  19  14  89
   0  11  84   0   0
   0  19   0  96   3
   0  23   0   4 154
  0  12   5  17   0
   0 154 135   0   0
   0  44 367   0   0
   0  62 142   2   1
   0  32   5   7  36
  1   3   0  14  18
   0 247  16  94   5
   0  20 140   4   0
   0   0   0 137  14
   1  10   0   6 224
  4  22   0   4  12
   1 359  14   2   4
   0  41 150  10   1
   0  69   0  64   2
   1  31   0   4 224
  0  14   0  13   2
   0 378   3  14   0
   0  65 144   3   0
   0  16   0 172   1
   0  16   0   5  21
  0  22   0   0   3
   0 288  66   3   4
   0  15 140   0   0
   0  54   0  40   4
   0  60   0   2 288
  2  12   0   7   0
   0 495  22   7   0
   0  10  86   0   0
   0   6   0 156   2
   2  31   0  13 122
  0   7   0   3   1
   0 356   5   0   0
   0  76  71   0   0
   0  26   0 101   0
   0  25   0  26 209
  0   9   1   0   0
   0 350  84   2   0
   0  22 205   1   0
   0  41   0 132   2
   0  69   2   0  68
  0  19   0   6   0
   0 544   4   8   0
   0  72  44   0   0
   0  40   0 137   2
   0  24   0   3  84
  0   9   0  11   8
   0 461   3  28  12
   0  13  71   0   0
   0  13   0 127   5
   1  10   0   4  68
  1  12   1   2   7
   0 250  26   1  10
   0  98 185   0   2
   0  59   7  54   3
   0  12   2   0 139
  0  14   0   0   3
   0 398  35   0   2
   0  40  59   0   0
   0  41   2  44   1
   0  66   1   0 101
  0  22   0  10   3
   0 302  28  10   0
   0  32 188   0   0
   0  59   0 134   2
   0  25   0  17 137
  0  45   0   3   0
   0 609   0   3   2
   0  79   0   0   0
   0  70   0  68   6
   0  30   0   0  60
  0   7   0   1   6
   0 368 102   8 142
   0   8  15   0   0
   0  88   5  32  45
   0   6   0   2  82
  0  24   0   0  73
   0 429   0   0  40
   0  22   0   0   0
   0   3   0  15  22
   0  20   0   3 279
  6  21   0   4  10
   0  66   2   0   2
   0  58 121   0   0
   0  48   0   0   0
   5   3   0   4 250
  3  22   0   0  12
   9 425   1   3  50
   0  27  75   0   1
   1  86   0  98   5
   0  20   0   1 121
  0  13   0   0   0
   0 413  44   3   3
   0  22 110   0   0
   0  49   0   5   1
   0  39   0   5 141
  5   6   0  13   5
   0 391  30   8   2
   0  20  85   0   0
   0  26   0  99   3
   1  11   0   5 160
  0  18   0   0  10
   0 143  29  20  25
   0  16 101   0   3
   0  29  14  95   2
   0  22   2   1 194
  1   4   0   6  14
   1 299   0  11  19
   0  99  18   0   0
   0   0   0  59   1
   1   4   0   5 240
  0  28   0   6   7
   0 227  10   6  28
   0  74 160   0   1
   0  63   0  16   1
   0  32   0   0 176
  0  18   1   0  22
   0 418  89   1  18
   0  17  39   0  43
   0  23   0  31   1
   0  45   1   0 218
  0   9   0   2   7
   0 328   0   4   8
   0 136  43   0   0
   6  20   0 109  14
   0  14   0   2  74
  2  21   0   0  50
   2 189   0   4  12
   0  34  91   0   0
   0  20   0 113   1
   1  20   0   3 230
  0  12   0   2   0
   0 444   3  13   7
   0  65 114   0   1
   0  82   0 130   4
   0  27   1   3  78
  0  29   0   0   5
   0 351  40   0   3
   0  35 138   0   3
   0 127   4  36   0
   0  45   0   0  47
  0   9   0   6   4
   0 357  36   7   8
   0  18 160   0   0
   0  57   4 101   0
   0   4   0  22 124
  0  23   0   4   0
   0 539  31   0   2
   0  35  96   0   1
   0  41   0  78   0
   2  26   0   2 100
  0  14   0   0   1
   0 271  69   1   0
   0  14 272   0   0
   0 221   4   5   1
   0  15   0   0 133
  0   3   0   8   3
   0 394  32  21  11
   0  31 165   0   2
   0  25   0 132  18
   0  14   0  25  49
  0   2   2   4   2
   0  64 285  20   3
   0   0 178   0   0
   0  17  13 173  10
   0  10   1   8  54
  4  18   0   2  21
   0 271  14   2  16
   0  50  95   0   4
   0  44   0 151   1
   0  20   0   0 256
  0   4   1  10   0
   0 387  95   1   8
   0   1 195   0   0
   0  50   4 130   0
   0  18   4  34 100
  0  49   0   5   7
   0 391   0  29   9
   0  70 123   0   5
   0 102   0 109   1
   0  37   0   2  37
  0  31   0  14  10
   0 411   4  15   9
   0  17  81   0   0
   0  11   0 132   8
   0  25   2   7 172
  0   8   0  20  11
   0 215  11  18  10
   0  12 161   0   0
   0   0   0 110   3
   0  20   2  13 394
  0  10   0   0   2
   0 268 104   1   0
   0  36 294   0   0
   0 110   0 109   1
   0  10   2   0  32
  0   7   0   4  18
   1 383  45  25  13
   0  65 104   0   0
   0  42   0  60   1
   2  33   0  17 102
  0  37   0   0  17
   0 449   4   0  27
   0  62 139   0   2
   0  49   0  41   2
   0  17   0   5 147
  0   5   0  18   4
   0 312  17  28   4
   0  62  83   0   4
   0  43   0  94   3
   8  37   0  28 209
  0  10   1  19   1
   0 342  44   7   4
   0  62 141   0   0
   0  11   0 144   0
   1  23   1  23 167
  0   4   0   0   2
   0 397  56  16   5
   0  10 169   0   0
   0  43   0 122  14
   0   6   0   0  43
  0  11   1  42  16
   0 257  88  28   5
   0  29 126   0   0
   0   0   0 102   1
   6  31   1  89  76
  0  12   5   1   0
   0 235  91   0   0
   0  10 273   0   0
   0  71  93  85   2
   0  34  13   0  52
  1   8   0   1  37
   0 388   0   7  64
   0  77   0   0   6
   6  12   0  65  26
   0  20   0   1 265
  0   8   0   0   0
   0 273   7   0   0
   0  64 110   0   0
   0  94   0  65   2
   0 103  10   1 150
  0  11   0   6   0
   0 283  44   9   1
   0  50 237   0   2
   0  37   0  32   0
   0 118   1   2 107
  0   8   0   0  11
   0 359   5  18   5
   0  86 131   0   4
   0  26   0 156   2
   0  12   0   0  46
  0  11   0  21  10
   0 387   1  18   6
   0  57 112   0   0
   0   1   0 142   5
   0   9   0  18 150
  0   2   0   0   1
   0 403   0   1  14
   0  27  94   0   0
   0  38   0 100   4
   0  10   0   2 253
  0   7   0   2   5
   0 465  47   1  13
   0  13 106   0   0
   0  39   0  84  20
   0  13   0   2  91
  0  10   0   1   6
   0 344   5  17   3
   0   5 148   0   1
   0  42   0  66   0
   0  26   0   0 171
  0  11   0   2   3
   0 501  13   8   5
   0  46  77   0   0
   0  72   7 168   0
   0  14   0   2  48
  0  10   0   0  11
   0 401  18   0   7
   0  53 126   0   1
   0  85   0  50   0
   0  13   0   0 211
  0  22   0   8  22
   0 245   5   6  11
   0  42 164   0   0
   0   7   0  82   4
   0  27   0   6 395
  0   3   0  16  17
   0 183   5 304  41
   0  18  63   0   0
   0   7   2  65   0
   1  21   0  22 208
  0  18   0   0   1
   0 264  30   0   1
   0  63 227   0   3
   0  83   0  46   1
   0  35  29   0 182
  0  20   0   0  26
   0 379   0  11 114
   0 101   0   0   7
   0  18   0  74  44
   0  16   0   0 110
  0  12   3   5  15
   0 152  23  22  26
   0  29 222   0  29
   0  29   2   7   1
   0  51  16   9 322
  0   7   0   5  16
   0 325  36   3  10
   0  17 136   0   0
   0  17   0 137   0
   0  11   0   2 119
  0   4   0   6  23
   0 317  24  57   8
   0  29 126   0   0
   0   6   0  52   5
   0   9   0   0 231
  2  15   0  14  17
   0 416   2  19  15
   0  29 111   0   0
   0  47   0  99  17
   0   3   0   2  70
  0   3   1   0   3
   0 350  27   8  22
   0  13 194   0   1
   0  63   0  52   3
   0  10   0   5 214
  0   7   0   5  40
   0 264   0   3 108
   0  37 135   0   1
   0  19   0 114  24
   0   4   0   0 244
  0  12   2  25   5
   0 293  22  46   1
   0  36 137   0   6
   0  13   0 101   0
   0  31  12  43  90
  0  12   0   0   1
   0 124  64   0   2
   0  37 263   0   0
   0  12   0   0   0
   0 314   2   0 145
  0   8   0  19   0
   0 305  38  53   9
   0  59 110   0   0
   0  10   0 239   0
   0  32   0  54  68
