0.752202643172
0.54750244858
0.785115303983
0.786064769382
0.824682814302
0.764408493428
0.884892086331
0.813465783664
0.764170040486
0.819655521783
0.861374407583
0.722158438576
0.745972738538
0.785345717234
0.755897435897
0.541984732824
0.777419354839
0.738333333333
0.752083333333
0.78891509434
0.850574712644
0.736187845304
0.789002557545
0.693413173653
0.716751269036
0.713917525773
0.78814627995
0.776876267748
0.662804171495
0.809160305344
0.829591836735
0.666993143976
0.793140407288
0.554373522459
0.801857585139
0.779270633397
0.676229508197
0.838777660695
0.873015873016
0.718079673136
0.703904555315
0.77755511022
0.727841501564
0.793206793207
0.82412626832
0.617161716172
0.660184237462
0.730691056911
0.674182638106
0.701063829787
0.796317606444
0.834388185654
0.895679662803
0.821585903084
0.862721893491
0.812691914023
0.799188640974
0.847036328872
0.531762295082
0.731434384537
0.611956521739
0.721025641026
0.85255648038
0.809364548495
0.794988610478
0.835913312693
0.753233830846
0.709714285714
0.545081967213
0.719123505976
