0.488986784141
0.366307541626
0.501048218029
0.737978410206
0.56401384083
0.638018200202
0.69681397739
0.706401766004
0.697368421053
0.398176291793
0.752369668246
0.637198622273
0.76332094176
0.759545923633
0.541538461538
0.454743729553
0.696774193548
0.393333333333
0.513541666667
0.688679245283
0.727586206897
0.700276243094
0.397698209719
0.662275449102
0.543147208122
0.503865979381
0.682219419924
0.674442190669
0.486674391657
0.745910577972
0.691836734694
0.551420176298
0.711682743837
0.533096926714
0.711042311662
0.686180422265
0.686475409836
0.671232876712
0.792658730159
0.509703779367
0.52169197397
0.523046092184
0.458811261731
0.65034965035
0.525366403608
0.216721672167
0.509723643808
0.308943089431
0.650507328072
0.577659574468
0.621403912543
0.483122362869
0.835616438356
0.747797356828
0.698224852071
0.723643807574
0.817444219067
0.845124282983
0.21618852459
0.72024415056
0.341304347826
0.626666666667
0.73840665874
0.646599777035
0.577448747153
0.621259029928
0.509452736318
0.338285714286
0.779713114754
0.651394422311
