 22   1   0  12   8
  46 117  39 178  91
   0   5  89   0   1
   2   0   0 114   2
  67   2   0  10 102
  0  16   6  12   0
   1   7 275   0   6
   0   2 329   0  80
   2  17 184   0   4
   0  40   0   2  38
 15   1   0  19   1
  36  46   5 273   2
   0  18 126  20   0
   9   0   0 141   1
  81   1   0   9 150
 19  12   0   2   9
  17 319  18  17   9
   0  27 174   0   1
  17  32   0  84   2
  98   4   0   2 156
  6   4   0  16   3
  17 152   2 221   3
   0  43 150  15   4
  21   3   0 165   0
  16   4   0   6  16
  4  14   0   3   4
   9 230  73  32  17
   0   5 145   0   5
  48   0   0  48   2
 123  21   0   2 204
  7   2   0  12   0
  10 404  39  71   0
   0   6  90   0   0
   1   0   0 162   1
  75   6   0  72  15
  1   4   1   4   1
   0 330   4  19   8
   0  51  95   0   1
   7   1   0 118   1
 136   9   1  18  96
  1   8   0   1   0
   0 248 162  23   3
   0  14 209   5   0
   3   4   0 168   0
  61   7   5   3  63
  4   4   0  17   0
  34 121  21 376   4
   0  34  64  18   0
   5   0   0 174   0
  48   4   0  29  30
  9   5   0   9   5
  23 366   4  96  15
   0   8  74   0   2
   6   7   2 121   9
  12   3   0   3  65
 13   4   0   0   6
   2 168  54   0  63
   0  43 212   0  30
   2  84   5  24   8
  11   2   2   0 138
  5   8   0   1   3
   1 357  71   2   4
   0   2  97   0   0
   0  11   1  75   1
  58  23   4   1  82
 12  10   2   8   3
   0 280  26  24  10
   0  24 194   0   2
  21  11   0 160   3
  72  10   2   5  90
 11  24   0  13   0
 119 394   0  92   9
   0  76   0   0   3
  28   5   0 109   2
  68   7   0   1  14
  1   2   1   0  10
   6 251 289  17  57
   0   0  23   0   0
  55  20   6  55  34
   3   0   0   0  87
 72   2   0   0  23
 119 315  10   0  25
   0  16   6   0   0
  32   1   0   6   1
  47   6   0   0 249
 20   3   0  18   0
   7  29   0  33   1
   3  27  59  90   0
   0   0   0  48   0
 163   0   0  19  80
 32   0   0   0   5
 283 163   2   8  32
   0  34  66   0   3
  53   7   0 129   1
  39   0   0   0 103
  2   8   0   3   0
   3 370  21  54  15
   0   9 117   1   5
   5   5   0  42   3
 119   5   0   8  53
  8   1   0  20   0
   2 318  53  53   5
   0   9  96   0   0
  15   1   0 111   1
  69   4   0   4 100
  5   4   0   0  19
   8  93  10  35  71
   0  14  96   1   9
   0  17   4 115   4
  12   8   0   1 198
 16   0   0   9   0
  68 153   0 108   1
   0  46  22  49   0
   3   0   0  57   0
 180   0   0   7  63
 17   1   0  16   7
  36 141  29  33  32
   0  29 203   0   3
  22   7   2  32  17
  48   0   0   0 160
  4   5   1   0  31
   4 252 225   0  45
   0   2  48   0  49
   0  32   0  17   6
  28  14   8   0 214
 10   1   0   2   5
  31 173   0 125  11
   1 123  50   4   1
  49   3   0  94   3
  23   2   0   1  64
 60   2   0   7   4
  89  75   0  36   7
   0  34  89   0   2
   4   0   0 129   1
  63   1   0   2 188
  2   8   0   4   0
   7 317  34  78  31
   0  37 140   0   3
  15  33   2 156  10
  47   8   0   4  50
  9  18   2   0   5
   5 176 205   0   8
   1   6 162   0   7
   0 132  21  14   0
  17  12   4   0  59
  0   4   0   9   6
   2 289  81  31   5
   0   8 168   0   2
   0  49   0 110   3
  24   2   0   7 117
 22   1   0   4   0
  66 387  88  21  10
   0   7 123   0   2
  10   0   0 109   0
  91   1   0   1  37
  7   6   0   0   2
   0 110 226   2   3
   0   0 286   0   0
   2 176  33  20   0
   0   8   0   0 140
  1   2   2   4   5
   2 319 100  22  15
   0   5 191   0   2
   2  37   7  96  33
   9  11   7   4  57
  1   0   4   4   1
   1  32 283  47   9
   0   0 178   0   0
  17   3   3 185   5
   5   2   2   9  55
 29  10   0   2   4
   8 201  66   3  25
   0   5 135   0   9
  16  48   0 131   1
  76   7   0   0 193
  3   9   1   0   2
   0 248 202   2  39
   0   0 191   0   5
   0  26  16 141   1
  11   8   1   4 132
 14  16   1  26   4
  26 249  36  97  21
   0  18 177   0   3
   8   7   0 197   0
  15  16   3   9  33
 17   6   0  24   8
  10 268  23 114  24
   0   4  92   0   2
   7   2   0 121  21
  57   5   1   4 139
 15   5   0  18   1
   5 175   8  49  17
   0  17 156   0   0
   1   0   0 105   7
  64   8   1   8 348
  2   7   0   0   3
   0  78 279   0  16
   0   0 328   0   2
  15 144   2  59   0
   3   6   3   0  32
 13   3   0   0  13
  34 236 155   1  41
   0   9 159   0   1
  43  42   0  14   4
  85   6   0   4  59
 25   1   0  10  18
 113 214   3  64  86
   2  61 135   0   5
  21   0   0  68   3
  84   0   0   5  80
  7   0   0  20   0
  31 106  20 185  19
   0  46  96   1   6
  16   0   0 119   5
 138   0   0  32 112
  7   2   0  20   2
  41 198  47 102   9
   0   0 200   1   2
   3   0   0 152   0
  52   5   1  63  94
  0   2   0   0   4
   1 208 214   6  45
   0   0 170   0   9
  44  70   2  41  22
   0   2   0   0  47
  7   1   0  61   1
  19   5   8 343   3
   0   6  59  90   0
   1   0   0 101   1
  91   2   1  84  25
  0  11   4   2   1
   0  92 231   0   3
   0   0 280   0   3
   2  34 150  60   5
  16   4  13   0  66
 28   0   0   0  19
 298  22   0  30 109
  17  19   0   0  47
  42   0   0  60   7
  92   0   0   0 194
  1   6   0   0   1
   8 191  23   0  58
   0   6 167   0   1
   0  72   0  85   4
 126   5   0   0 133
  0   6   2   7   2
   1 123 191   1  21
   0  30 250   0   9
   0  26  10  33   0
  15  64   7   5 137
 14   0   0   1   4
  65 186   4  95  37
   0  76 131   0  14
  19   0   0 163   2
  11   0   0   1  46
 16   0   0  26   0
  52 102   0 250   8
   0  79  90   0   0
   3   0   0 142   3
  52   0   0  17 108
  2   0   0   0   1
   9 338  26   7  38
   0  15 106   0   0
   5  15   0 117   5
  31   2   1   1 230
  5   2   0   2   5
   4 359  90  52  21
   0   0 117   0   2
   3   8   0 112  20
  14   3   2   1  86
  9   3   1   2   2
  15 248  78   9  19
   0   0 153   0   1
   2  53   0  53   0
  54  13   2   1 127
 11   0   0   2   3
  48 324  25 118  12
   0  24  99   0   0
  11   9   0 227   0
  14   2   0   2  46
  6   4   0   0  11
   7 345  46  13  15
   0  21 153   0   6
   6  22   0 107   0
  23   6   0   0 195
 12  26   0   1  13
   0 221  16   6  24
   0  25 179   0   2
  10   8   0  74   1
  13  17   0   0 398
 16   0   0  16   4
 108   3   0 414   8
   2   1  15  63   0
   1   0   0  73   0
 132   0   0  16 104
  8   5   0   0   6
   5 175  90   5  20
   0   4 263   0  26
  22  52   0  42  14
  26   0   0   0 220
 11   1   0   0  34
  16 100  39   0 349
   0   0  78   0  30
  29  31   1   5  70
   5   1   0   0 120
  0   2   4   5  24
   6  16  95  51  55
   1   0 231   0  48
   3   0   6   2  28
  16   5   9   6 362
  8   3   0   2  15
   4 214 118   4  34
   0   0 134   0  19
   0   4   0 150   0
  15   1   0   1 115
 24   0   0   5   4
  29 184  30 147  16
   0   8 141   0   6
   9   0   0  51   3
  58   1   0   1 180
 18   0   0  13  17
  58 202  12 108  72
   0  13 114   4   9
  37   0   0 107  19
   9   0   0   0  66
  0   3   0   0   4
   1 194 119   0  93
   0   0 196   0  12
   0  52   5   0  61
  13   3   0   1 212
 16   0   0   0  36
  31 101   9   0 234
   1  23 139   0  10
  57  36   0  11  53
   3   0   0   0 245
  5   0   0  39   0
   3   4   2 352   1
   2   0 128  45   4
   0   0   0 114   0
  35   0   0  96  45
  0   5   5   0   3
   0  55 130   0   5
   0  13 287   0   0
   0   4   8   0   0
  19   8  15   0 419
  1   1   0  25   0
   4 195  24 173   9
   0   7 162   0   0
   8   1   0 240   0
  38   1   1  58  56
