  0   0   0   0   0
 189 151  87  25  18
   0   0   0   0   0
  16   2  10  40   0
 116  44  29   7 165
  1  11   8   0   1
   3 130 133  36   9
   0   6 224   3   4
   0   5  24  54   0
   5  55 197   2 108
  1   8   4   1   5
  14 303  65  38   9
   0  48 174  10   5
   5   8  12  62   4
   7  52  47   6 156
  5  54   4   0   7
   4 201  50   0   6
   0  24 269   0   8
   6  37  39  37  58
   5  33   9   0 163
111   0   0  17   0
 370  10   1 144   5
   2   0   0   0   0
  84   2  14  67   0
  94   1   9  36  52
 23   2   0   8   0
  88  94  11 134   1
   0   3  99  91   0
   5   0   1  67   0
 235   3  21  29  44
  0   0   2   1   1
   1  66 213   0  22
   0   6 274   0   9
   5  12  24  56  16
   1   0  35   7 268
  0   0   0   0   0
   0  49  31   0 407
   0   0   0   0   0
   0   0   0   0   0
   4  14   2   0 546
  0   0   1   0  11
   0   4  95   1  71
   0   0 274  76  77
   0   4  25  27  17
   0   0   0   0 370
  4   0   0   0   0
   8 336  45   1  17
   0  12  50   0   0
   7  10   2  20   0
  84  49   0   0 194
  8   1   0   0   1
   7  80  35   7   4
   0   5 208   0   4
   4   0   2  82   0
  36   6  86  39 404
 31  38   7   0   6
  10 220  70   0  17
   0   7  90   0   0
  31  28  21  11   8
  35  58  35   2 114
  0   2   0   0   1
  14 147  48  36  11
   0   7 114   1   1
   8  16   3  69   0
  34  53  10   0 481
 44   0   1   2   1
 127 202  16  16   7
   0  32  14   0   0
 103   6   7 150   5
  69   2  22  15 118
  4   9   4   1   1
   9  38 146  69   3
   0   0 235  19   2
   2   0   4  84   1
  57  23  64  42 234
 31   0   0   9   0
 183  62   5  85   1
   1  14  53  26   1
  20   1   3 179   0
  81   0   6  13  65
 52   1   1  34   3
  38  30   2 221   1
   1   5   0 121   0
   4   0   1  84  11
  56   0  14  74 299
 20   6   0   1   0
  22 146 111   4   9
   0   0 236   2   3
   9  19  11  48   0
  90  11  26   3 182
  9   1   0   0   3
  76 196   4   0   1
   0  89 116   0   5
  50  12  26  98   4
  49   0   1   1 158
 45  19   2   3   1
  79 292  46  25  31
   0   0  24   0   0
  14   4  12  32   3
  92  23   3   1 167
  3   3   0   0   8
  34  88   1   0 270
   0  25  13   0 208
   6   2   3   0 127
   0   1   0   0 137
 14   0   0  13   0
 130   3   1 453   4
   0   0   0   2   0
  13   0   1 183   0
  48   0  21  29 154
  8  11   0   1   0
   4 127 116   1   4
   0   0 160   0   1
  12   8   6   8   0
  83  69   2   2 430
 10   7   2   2   0
  76 135  67  17   1
   0  16 198   0   1
  31   5   9  66   5
  10   3  26   1 168
  1   2   0   0   0
   8 301  65   9  31
   0  25 208   0   8
   0  23  15  45   1
   4  26  11   0 146
  0   0   1   0   0
   6 391 100   2  73
   0  13  99   0   2
   5  31  52  27   1
   1  30   7   0 213
  0   0   0   0   0
   1 216 350  48  20
   0   0   0   0   0
   0   0   0   0   0
   8  64  35   0 311
 47   0   0   1   2
 558  16   0   1  21
  10   9   0   0   1
  64   3   7  70  29
  78   8   5   0 123
  0  13   0   2   1
   0 310 192  32  10
   0   0 131   1   1
   1  27   1  64   7
  10   7   0   1 242
  1   0   0   0   2
 179 138 126   0 136
   1  20  30   0  12
  59   2  19   4  14
   2   0   0   0  34
  2  11   1   0   4
   0  86 224   3  36
   0   2 220   0   3
  12  53  49  44   3
   4  11  14   3 301
  7   0   0   0   4
 130 347  14  24   6
   1 107  78   5   1
  55   4  21  33   5
  33  16  14   0  54
  3   1   0   0  33
   9 102  40   0 192
   0   1  15   0  50
  12  25  18   5  94
   4   0   0   0 415
  3   2   0   0   0
  26 286  36  21  10
   0  33 196   0   0
   6  24  20  68   0
  14   8   6   0  20
 19  10   1   1   4
 145 402  31  15  28
   0  22  23   0   2
  23  14  21  84   2
  56  12   0   2 102
 11  12   2   3   0
  61 213  98   7   6
   0   2 113   0   0
  36   6  39  35  17
  88  33   4   9 104
  5  40   1   1   5
   1 118 166   0   8
   0   2 349   1   5
  10  48  44  28   6
  25  63  18   0 110
 18   1   0   9   1
  63 237  27  62   3
   0  37 160   7   3
  15   2  10 122   3
  33   7  69  33 131
  7   1   1  13   0
  11  85  82  99   4
   0   0 148   0   1
  22   2  12 139   2
   5   0   9   3 141
 31   0   0   1   1
 160 296   5   4  13
   0   0   0   0   0
   7   2  17  37   7
 146   6   7   0 219
 11   0   0   0   2
  18 120 179   0   5
   0   0 182   0   0
  14  34  20  11  27
  10   0   3   0 180
 10   6   0   3   0
  50 284  73  25   5
   0  10 136   0   1
  12   2   2  36   0
 160  80  19   7 135
 50   6   1   3   4
 239  87  54  52  18
   1  32  59   2   1
  10   0   5  27   3
  78   3  19   1 301
 13  13   1   8  10
  17 146 207  47 105
   0   1  45   0  12
  15  19   7  65  24
  77  32  24   3 186
 24   2   2  18   1
 306  48   6 213  14
   0   0   0   0   0
  19   4   7 136   3
  27   4  25  14 146
 29   1   0   1   0
  57 201 159 126   8
   0   2  21   0   0
  27   0  16 153   2
  35   1   2   0 121
 46   4   1   0   6
 346 122   4   0  11
  10  59  26   0   6
 146   2  26  37   8
  68   6   1   0 149
  0   5   1   0   1
   3 160 202  17  14
   0   0 190   1   9
   4  50  36  81   3
   7  26   6   0 200
 17   9   2   3   6
  21 148 229   3  23
   0   0 104   0   3
  15  12  45  79  18
  45  12  15   1 276
  0   2   2   0   6
   0  54 122   1  42
   0   0  78   0   5
   0  34  28  17   3
   0   1   0   0 220
