 10   2   0   3   0
   5 162 202  14   4
   0   0 222   0   8
  21   8  12 104   1
  53  31   5   8 209
  0   1   1   1   0
  34 154  95  10  43
   0   5 235   0  21
  16  27  54  58   2
  13  44  35   1 201
 79   0   1   4   5
 302  12   0  31  12
  33  71   0  30   1
  20   0   4  69   3
 114   0  16   7 148
 11  12   5   0   0
  47 216  53  10  20
   1  18 174   0   6
  25   6  14  35   2
  39  32  82   4 273
  7  10   3   0   2
   5 162  96  10   4
   0   9 329   0   1
  26  50  42  46   0
  15  22   0   0 228
 27   9   2   5   1
  29 158 200  11  77
   0   1  87   3   5
  38  25  28 113   4
   6  13   4   0 113
 26   9   1   0   0
 122 198  20  31  17
   4  57 163   5   0
  48   3   4  35   6
 116   7   5   1  81
 10   2  12   8   3
  22 103 406  16  45
   0   0 123   2  10
   3   3  15  48   1
  12   2  38   8  97
 10   1   0   0   6
  33 302  73   0 153
   0   0 138   0  20
 114   5  22   5  82
   6   0   0   0 114
 23   1   1   0   0
  33 249 100  62  11
   0   6 170   0   1
  25  17  28 121   4
  15   0   4   1 195
 20   3   2   1   3
  20 169 167  21  11
   0   0 106   0   8
  51  12  36  20   4
  52   5   8   8 232
  2   8   0   0   2
  79 271 144   0  35
   0  13 109   0   9
  23  50  41   2  17
  10  63  20   0 124
  6  14   5  17  11
   8 205 139  48   9
   0   0  97   0   0
  30  15  41  81   9
  19  19  21   8 265
  0   0   0   0   0
   0   2 441   2 272
   0   0   0   0   0
   0   0   0   0   0
   0   0   0   0  62
  7  11   0   0   6
  11  92 180   2  69
   0   3 299  18  15
  13  13  10  12  51
  25  27  10   1 178
 55   0   0   8   0
 337 101   6  36  16
   0  44  21  40   0
   3   0   1  28   0
  29   1  12  29  78
 25   7   1   0   3
  33 335 113   0  24
   0   0  49   0   0
 102  57  53  43  11
  12   4  11   0  75
 29   0   2   2  20
 169 132 171  15  32
   0   2 140   1   4
  36   6  49 101  50
  18   0   2   0  88
  7  34   9   3   4
   5 163 219   5  33
   0   0  87   0   0
  21  19  43 112   6
   7  25   7   9 201
 20   3   1   4   2
  32 146 209   7   7
   2   3 133   1   0
  29   0  19  48   0
 156  39  42   1 165
  1  14   0   1   8
   2 116  70   3  53
   0   2 221   0  48
  12  37  16  33   2
   0   4   0   0 133
  0   0   0   0   0
   0  64  95   0 580
   0   0   0   0   0
   0   0   0   0   0
   0   3   0   0 279
 59   0   0  28   0
 176  94   0 370  18
   0   0   0   0   0
  35   0   9 127   6
  16   1  15  26  89
 31   0   0   1   0
 168 216  51  21  16
   3  52 123   2   2
  15   9  16 114   6
  81   6   5   2  79
 13   1   0  22   0
   6  80 146  66   8
   0   0 190   1   5
  11   0  18 156   1
  49   0  41  28 209
 23   8   4   3   0
  12 121 188  43  12
   0   5 242   2  18
  17   6  29 117   5
  35   4  20  11 124
 11   9   2   0   0
  11 282 177   7  30
   0   2 125   0   3
  13  22  34 112  11
  33  18   3   0 145
 30   3   0   4   0
  82 218 106  54  24
   0   1  72   0   1
  19   1   7 205  15
  62   3   1   5 106
 33  21   4   3   3
  71 223  91  43   3
   0   0   9   4   0
  31   9  23  97   7
  92  23   6   8 178
 15   2   0   0   1
  60 260  37   5  69
   0  11  87   0   6
  17   4  21 167   3
  15   2   1   0  54
 55   0   0   0   4
 337 190   9   0  18
   0  41  30   0   2
 108   1   8   5   2
  54  15   0   0 190
 40  18   4   6   0
  32 246 104  22   1
   0   0  68   0   0
  18  11  46 126   5
  43  21  12   3 243
 17   1   2   8   0
  35 177  81 111   3
   0  14 211  22   0
  11   4  15 101   5
  42  25  23  11  84
 35  16   0  15   1
 109 337  70   9   7
   0   0  49   0   0
  27   0  13  93   0
 100  28  16  18  76
 57   3   0  23   7
 132  78   7 144   7
  10  27  35   8   0
  54   3  20  99   6
 113   2   5  14 215
  6  11   5   0   8
   4  82 223   3 147
   0   0  10  20  96
  15  49  39  24   3
   1   4  12   0  77
 16   0   0   2   0
  74 100  32  74   3
   0   6  72   0   0
  28   1   2 134   0
 145   2   3  13 312
 11   4   0   0   8
  45 205  45   0  61
   0  17 146   0   9
  55  19  44  27  20
   5   0   2   0 157
 13  14   1   0   8
  24 308 162   2  33
   0   0 124   0   4
  31  40  56  11   8
   0   2   0   0 103
 30   1   0   0   1
 301 141   3   0   0
   0   0   1   0   0
  92  17  35  42   1
  64  11  11   0 236
  1   8  30   0  17
   0  81 304   0  65
   0   2 213   0  45
   3  21  47  40   4
   8  27   8   0 125
  6   0   0   0   0
 314  75   3   0  78
   7  77   3   1   5
 135   2  22  27  31
  12   0   0   0  41
  2   3   5   0   0
   0   4 139   7  11
   0   1 319  55  14
   1   2  23  79   0
  16  19  23   0 133
 29   3   0   1   0
 184 240  83   0   7
   0   1  55   0   3
  84   4  39   7  12
  67   8  19   2 201
 10   0   0   1   2
 172 115  27  18 365
   0   1  51   1  38
   5   1   0   5   1
   9   1   8   2 126
  1   6   0   0   5
   6  97  48   1 102
   0   4  62   0  54
  14  19  19  18   2
   4  17   4   0 418
  6  26   0  18   5
   3 177 195  22  28
   0   0  42   0   0
  19  39  29  38  19
  85  20   1  19 258
 38   9   1   2   5
   9 183 139   1  36
   0   2 143   0   6
  25  12  21  82  10
  60   3   1   1 205
 62   1   0   0   1
 251 253  69   0  13
   0   0  27   0   0
  87   0   0   4   1
  96   5   0   0 199
 10   0   0   0   5
 119 209  21  10 180
   0   3 192   0   8
  95  39  59  52  17
   1   0   0   0  49
