 13   4   0   1   0
   2  24 141   7   3
   0   0 289  25   1
   1   6  26  54   5
 127  10   9   1 126
  9  22   7   0   9
  34 221  19   4  52
   1  30 126   0  11
   3  14  16  20  25
   3  29   3   0 306
  0   3   0   0  15
  24  59  39   0 337
   0   0  30   0  10
  13  16  14   2 103
   2   3   7   0 242
  6   3   2   0   2
  25 271 122  21  34
   0   9  48   6   0
  18   8  30 127   3
  12  39   9   2 153
  1   3   7   2   2
   7 118 195   3  39
   0   0 207   0   6
   4  17  28  27   5
  34  10  12   0 232
 19  13   0   2   1
  17 146  40  79   7
   0   5 277  24   1
   2  10  15  55   4
  45   7   4   1 275
  2  12   1   0   2
   0  47 233   0  53
   0   0 314   0   8
   0  10  40  16   5
   0   2  10   0 234
 45   3   0   0   0
 290 190  40   1   8
   0  14  25   0   0
  57   2  26  55  18
 125   1   1   3 180
 15   0   0   7   2
 313  16   3 176  10
   0   0   0   0   0
  58   1   2 127   5
  65   0  13  15 258
  7   0   0   3   1
 133 226  45  44  43
   0  11 148   0   4
  29  12   7 117   3
  85  10   1   1 154
  8  18  42   1   7
   2  47 326   0  27
   0   0 140   3   4
  11   8  35  11  45
   8  21  72   2 248
 40   4   0   3   4
 119 121  15  29  41
   0  14  42   2   0
  20   2   4  30  12
  43   1  15  16 382
  6  20   5   0  11
   5 140 352   1  10
   0   1  98   0   0
   5  32  38  13   3
  10  21   7   0 306
 33   3   0   0  11
  66 263  64   3  61
   0  10 130   0   5
  11   8  11  58  14
  32   4   1   1 295
 36   0   2   0   0
 107 148  29   2  12
  11  67 149   2   7
   9   3  16  78  25
  71  22  18   3 269
  5   0   0   5   1
   7  55  12  27   1
   0   2  57   0   0
   1   0   1  15   1
   6   2  19   5 138
  5   7   7   2   3
  15  63 190   7  23
   0   2  44   0   2
  24  12  46  71   6
   9   7   5   3 376
  0  11   8   1  18
   0  97 122   0 157
   0   0  74   0  28
   0  39  38  21   0
   0  41  21   0 290
  3  34   4   1   8
   5 222 193   0  13
   0   0  79   0   0
  21  63  61  28   2
  10  29  13   0 135
  6   8   3   1   1
   6 138 304  24  58
   0   0 168   0  12
   3   6  26  52   9
  13   3   2   0  95
  2  12   0   1   3
   0 141 179   9   8
   0   2 196   6   2
  24  39  51  96   2
  26  20   5   0 135
  0   1   0   0   7
   0  29 131   0 128
   0   1 217   6  35
   1  20  31  10  14
   1   2   0   0 235
  5  10   0   2   2
  31 218 137 150  11
   0   1  50   2   0
   7   3  38 145   2
  11   5   3   0 107
 10   8   0   5   3
  10 203  85  44   6
   0   2 167   0   2
  16   6  24 145   0
   9   1   0   1 201
 51  21   0   2   4
  52 188  75   1  21
   0   0  88   0   1
  53  18   2  14   2
  43  13   0   1 260
  7  21   1   0  35
  13 201  52   0  98
   0   4  29   0   2
   1  20  11  26   8
   1   4   0   0 308
 24   0   0   7   2
 106 142  18  32  21
   1  22 128   0   4
  31   0  14  88  14
  93   6   6   7 193
 32  34   1  29   2
   4 107  32 226   4
   0   8  61  13   0
   1  31  32  57   1
  78 132  48   3 136
  1   0   0   0  13
   1 112  28   0  50
   0 268 108   0  32
   0  13  19   1   7
   0   0   0   0 426
  4   7   0   1   1
   6 129 173  17  64
   0   1 162   0  13
   4   2  14  71  32
   5   4   1   0 370
  5   0   0   0   5
  56 175  61   0 164
   0   4  97   0   2
   2   5   5  12  22
  12   0   1   0 451
 36   4   0  12   4
 200 190   1 127  13
   1  26   0   1   0
  32  24  20 100   4
  77   5   4   2 106
 17   3   6   1   6
 153 154  74  27  58
  17  51  60   2  30
  32   9  13   1  32
  50  80  86   5 117
  4   5  18   6  10
   6  48 124  28  92
   0   0 238   1  53
   1  17  20  48  45
  24  15  12   2 269
 12   2   1   0   5
  44 218  67   4  27
   0  14  70   0   2
  32  16  30  10   2
  19   0   4   0 168
  9   2   0   1   3
  47 294 193  17  54
   0   0  63   0   6
  37  14  37 107  12
   7   1   3   0  52
  2   2   0   0   0
  48 268  48   1   5
   0  49 161   1   7
  55   6  21  23   9
  27   3   0   0 212
 23   3   1   0   2
  50 175 168   0  94
   0   0 119   0  33
   9  37  45   6   6
  26  10   1   0  31
 34  18  13   0   7
   4  85 113   8  11
   0   5 281   3   4
   3   4  18  69   2
  38  10  19   1 334
  0   0   6   0  31
   0   9 130   2 478
   0   0   5   0  33
   0   1   6   2  13
   0   3  10   0 230
 14  11   4   0  12
   8 153 147   0  48
   0  10 158   0   3
  18  21  32  15  11
  17   7   9   0 347
 26   3   0  10   1
 111 274  28  54   4
   0   8 144   1   0
  34   2  18 132   2
  77  10   3   3  74
 26   5   3   0   3
 111 172  65   3  10
   0  19 149   0   1
  85  23  20  27   5
  76   6   5   1 269
  6   6   0   3   0
  36 178 135  25  12
   0   2  98   0   1
   0   4   4  15   0
  94  82 116   0 199
  0   2   1   0   3
   0   5 183   0 103
   0   0 177   0 111
   0   7  32   6  34
   0   1   2   0 419
  1  13   3   1   4
   1 219 186   0  33
   0   1 199   0   3
   4  85  64  36  10
   1  13   6   0 133
 26   1   0   0   2
  35 201 110   0  32
   0   0 167   0   6
 120  22  37  29  12
  19   0   0   0 265
 49   1   0   2   0
  87 207  94  88   4
   0   0 124   0   0
  13   1  30 116   2
  95  30  24   7 110
  9   3   1  11   0
  94 403  27  62   6
   0  26  19   0   1
   4   0   7  87   1
  51  25  31  56 162
  5   2   1   3   3
 106 204 109  31  77
   0   1  30   0   4
   2   1   9  20   2
  29  22   6   2 290
