  1  10   3   1   1
   3 155 292   4  26
   0   0 163   0  10
  12  38  34   5   0
  11  38  14   2 165
 18  11   1   0   2
  24 234 184  10  54
   0   4  93   0  14
  32  26  26  35   6
  23  51  32   0 204
 31   5   0   0   2
  63 179 118   0  11
   0   1 144   0   8
 160   1   7  12  15
  50   0   2   0 102
 36   0   2   0  17
 222 290  44  44  39
   0   1   1   0   0
  50  12  26  17  41
  12   2   1   0 128
  8  11   2   5   1
   2 102 144   8  12
   0   1 198   0   3
   1  16  51  63   1
   6   7  20   9 132
 38  17   1  39   4
  12 151  38  74   2
   0   0 152   0   1
  11   6   9 104   1
  35  17  13  84 150
  9   2   0   4   0
  25 209 108  22   3
   0   0  80   0   1
   4  23  15 100   2
  89   6  12  17  78
 15   9   0   1   0
   2  89 313   5  18
   0   0 217   2   8
   1  37  85  58   0
  36   8   2   0  53
 21   0   0   0   3
  39 300  91   0  14
   0   5 148   0   6
  63  43  53  11  22
   6   4   3   0 237
 57   1   0   9   0
  93  17   0  95   3
   8  66   4 121   0
   5   0  11  50   2
 221   5  36  19 196
  9   1   0   2   0
  31 162 131 100  22
   0   8 159   1   1
   8   0  26 128   0
  12   0   0   1  37
 21   1   3   0   3
  27 194 185   2  19
   0   2 250   0   7
  28  16  35  88  10
  73   5  13   5  32
 12   2   0  20   2
  28 260 128  50  42
   0   0 135   0   5
  15   1   7 118  90
  10   1   3   5 115
 50   1   0  11   4
 241 166   5  19  10
   3  31  10   0   0
  85   1   4  47   0
  24   0   2   1 308
 21   0   0   6   0
 177 371  26  72  11
   0   7  29   0   0
  25   6  39  85   2
  31   1   4   3 153
 52   3   0   0   1
 232 207  91   0   8
   0   1  15   0   0
 119  10  24  14   5
  49   5   8   0 225
 44   2   0   0  65
  52  84  13   0 195
   0  11 101   0   5
   9   5   5  63  15
  96   2   0   0 286
 46   1   0   0   0
 132 305  14  20  26
   0  13 103   0   2
  44   5  24  51   1
 122   8  12   2  88
 35   1   1   5   2
 117 169  55  23  23
   0   2 130   0   1
  31   4  21  51   3
  42   2   3   1 317
102   0   0   1  16
 176  97  21   3  47
   4  38  83   0   9
  46   1   9  56  90
  51   7  33  10 153
  3  12   0   1   4
  84 182 169  10 121
   5   1  90   6   2
   2  21  12  40   0
  22  16   4   1 151
  0   0   2   4   0
   0  80 236  11  20
   0   0 172   0   2
   7   2  12 224   7
   2   1   3  24 150
 87  27   6  21   1
  29 199  96 135   1
   0   4  90   7   0
   7   3   3 163   1
  80   7  12  36  52
 24   1   1   3   5
 201 252  42   6  25
   0  51 110   0   1
 104  11  28  65  20
  16   0   0   4  96
 35   1   0   0   1
 289  77   3   0  12
   0  73   4   0   3
 176   1  12  27   8
  56   0   0   2  59
  9   3   0   0   2
   2 172 188  12  23
   0   0 182   0   1
   3  22  35 129   2
  22   0   4   0 186
  1  35   0   1   4
   0  34 223   0  57
   0   0 201   3  74
   2  39  40  29  14
   7  36   6   0 183
 28   0   2   2   8
  22 152  98   8  41
   0   3 241   0  24
  35  11  31  54   5
  30   0   5   0  99
  6   7  15   0   3
   2  29 246   0  22
   0   0 205  92  24
  10  63  43  68   5
  13  14  53   0  99
 15   0   0   1  14
 185 284  10   5 194
   0   0   0   0   0
 101  26  49  10  44
   9   3   0   0  89
  3   9   0   0   0
   2 149 314   2  46
   0   0 112   0   1
  16  67  53  75   3
   9  22  25   0 111
 33   0   0  15   0
 147 193  26  37   6
   0  14 114   0   5
  27   6  25  78   1
 155  12  16  22 137
 24   1   0   3   0
  17 284  93  65  13
   0   0 101   0   0
  30  18  36 130   4
  23   2   0   0 225
 20   0   0   0  21
 111 227  22  10  67
   2   9 142   0  47
  51  10  20 122  12
  19   0   0   0 157
 63  14   0   4   4
  69 259 129   9  14
   0   0  77   0   1
  33   5  38  67   4
  37   6   8   1 227
  1  34   4  10   1
   1 103 130   1  13
   0   0 202   0   2
   8  25  34 110   4
  14  42  10   5  34
 13   2   0   0   0
  38 311 117   2  20
   0   0 120   0   4
  51  38  71  80   9
  52   6   1   0  84
 11   8   0   1   0
  68 249 281  31   2
   0   0   8   0   0
  49   2   6 156   3
  40   9   5  11  19
  9  22   0   4   0
  30 318 132  27   4
   0   0   3   0   0
  24   5  12 128   0
 130  36   8  33  94
 27   1   1   7   4
  28  96 173  26  17
   0   3 186   0   8
  32   3   9 107   3
  33   6   6   0 153
 22  26   5   3   4
   1  78 244   6  69
   0   0 237   0  15
   7  26  46  61   7
   1  44  20   3  94
  2   2   0   3   0
 120 220  42  20  44
   0  78  56   0  18
  73   9  27  14  53
  24   3   3  22 220
102  24   0   1  21
 112 163  44   2 104
   0   0   0   0   0
 120  25  27   0  16
  99  15   1   0 193
  3   6   0   1   1
  50 260 108   6  18
   0   0 115   0   1
  54  26  46  89   9
   8   4   3   1 215
 34  10   1   3   1
  24 252 118   7   5
   0   0 140   0   1
  24  29  12 114   1
  23   3   7   0 175
 32   0   0   0   1
 149 181  33   2  28
   0   4 192   0   2
  42   1  13 109  17
  16   3   5   3 126
  9  14  31   9  34
   9  58 259   2  69
   0   0 202  60  32
   3  65  53  30  11
   1   0   3   0 113
  6   1   0   0   3
   4 160 112  10  30
   0  13 344   0  10
   8  30   5  87   4
   6   0   2   0  88
 42   2   0  26   0
  51 300  17 128   0
   0   4  11   0   0
  27   5  16 118   2
 116  11   4  41  38
 17  14   2   8   2
   3 150 346   2  61
   0   0  56   1   3
  41  27  30 107   7
  25   1   0   1 165
