  0   6  17   0  32
   0  51 260   0  78
   0   0 166   0   1
   0   6  16  41  11
   2  10  23   0 333
  0   0   0   0   1
   0 151 143   0  93
   0  24 151   0  16
   2   4  26   5  37
   1  16   5   0 378
 14   0   0   0   5
 141 227  12   0  20
   0  16  45   0   1
  87   0   1   2   0
  82  13   1   0 384
  0   2  17   0   2
   1 100 409   1  28
   0  12 255   0   6
   0   5 102  16   4
   0   2  18   1  72
 60  13   2   0  39
 186  55  14   0  57
  10  23  91   0   2
  24   1   4   3  12
  57  10   0   0 356
 11  12   0   2   0
 127 396   7   2   5
   0  43   1   0   0
  13  25  10   7   5
  29  58  24   0 276
 56  18   0   0   4
  56 174 148   0  20
   0   7 344   0  17
  52  20  22  15   2
  19  17   1   0  57
  0   0   0   0   0
  45 115 320 103  30
   0   0   0   0   0
   0   0   0   0   0
  40  20   7   1 218
  0   1  11   0   5
   0  91 198   0  41
   0   2 306   0  11
  13   5  29  41  26
   5   2  24   0 208
  0   0   4   0   4
   4  22 222   2 100
   0   0 183   0  10
   0  17  91  39   4
   0   1  80   0 176
 67   6   0   0   2
 156 209   5  55   3
   0   8   0   0   0
  27   2   9  77   2
 208   7  41  10 185
 14   4   2   2   0
  55 237 120  17   3
   0   1  61   0   0
  31  22  11 145   4
   9   6  20   9 280
  3   1   0   1   0
  30 200 179   0  31
   0   1 166   0   2
  29  15  41  54   7
  12   9  22   1 185
 10   4   0   1  11
 114 173  91   0 118
   1   9  20   0   9
  44   1   4   6  88
  18   2   1   0 284
 26  10   1   0   3
  59 268 125  13  23
   0   5  91   0   0
  63  17  23  46   7
  49  17  56   0 151
  3   2   0   0   4
  20 303 180   6  19
   0   3 149   0   3
  12  42  76  70   6
   7   4   1   0 141
  8  10   5   0   5
   3  91 149   3  25
   0   0 276   0   4
   1  38  39   7   6
  30  10   4   0 245
 15  51  11   0  52
   5 126 119   0  56
   0   9  80   0   6
  75  22  53   1  73
  24  11   4   0 260
 28   1   1   0   0
 125 102  15   5   6
   7 129 145   0   1
  45  12  33 104  10
  12   0   5   2 139
  1   0   0   0   1
  50 221 186   5  47
   0   6 201   0   3
  45   7  18  82  10
  47  13   2   0 108
 74  15   9   1  31
 194 186  81   2 138
   0   0   0   0   0
  14   9   8  19   7
  76  19   6   0 164
 34   0   0   0   0
 153 201  48  21  11
   0  14  50   0   0
  43   3  26  58   4
  76   1  12   1 203
 14   2   0   1   2
  72 217  54  15  40
   0   2  65   0   2
  20   6  12 126   4
  80   9   0   1 309
  0   0   0   0   0
 100 281 257  84  24
   0   0   0   0   0
   0   0   0   0   0
  26  23  73   0 185
 39  19   1  17   1
  74 212  13 143   1
   0   5   5  13   0
  17   8  14  65  13
  71  73 120   0  95
  1   7  13   0   0
   1 150 212   4   4
   0   0 128   0   1
   7  40  45  98   3
   1   3  58  22 161
  0   2   2   0   5
   0   1 219   0 201
   0   0 110   0 278
   0   0  88  15   8
   0   2   0   0  28
  0   2   0   0   0
   0  45 376   2  48
   0   0 328   0  13
   1  24  24  29   9
   0   4  79   5  64
 18   6   0   0   0
  79 273  16   3  32
   0  38  19   0   8
  48   4   5  19  26
  11   1   0   0 115
  0   6   4   0   3
   1 120 240   1  17
   0   2 184   1   4
   0   2  45  26   3
   1  19  37   0 273
  3   5   9   0   3
   0  60 127   0  68
   0   8 249   2  48
   0   8  57  97  11
   2   4  24   3 265
 12   0   0  27   1
  62  20   0 433   7
   0   0   0   0   1
  12   0   2  73   6
 120   9   3  25  86
 15  34   0  11   1
  15 290  72  31  11
   0   0  27   0   0
  31  29  11 102   6
  40  20   3   2  88
  0   0   0   0   0
  45  75  70  12 551
   0   2   4   1  15
   0   0   0   0   0
   7   6   5   2 104
 10  27  13   0  33
   0 146 194   0 107
   0   0   7   0   1
   8  50  17   0  55
  76  47  18   0 180
  8  22   0  20   2
  10 186  45 175   5
   0   2   6   0   0
   9  17  13 253   2
  29  10   0   4  81
  7  11   1   0   2
  23 290 111   2  35
   1  57 155   0   9
  16  41  31  24  16
  29  11   2   0 179
 18   3   0   4   2
 181  58   4 261   5
   0   0   0  32   0
  20   1  18  54   2
 190  40  16  18 126
  2  10   0   0   2
   3  85 138   0  17
   0   1 175   0   9
  70  19  18   1  14
  19  77   4   0 389
  3   2   1   0   3
   4 187 428   1  87
   0   0 108   0   2
   4  13  22  18   9
   0   2   3   0 156
  5   2   4   3   1
   1  77 260  17  15
   0   0 250   6   2
   5   7  14  90   1
   4   1   2   6 280
 56   5   0  27   0
  49 145  73 220   0
   0   0  52   1   0
  14   4   5  93   0
 220  21  10   9  47
 43   0   0   6   0
 115 280   3 127   2
   0  31   4   0   0
  30   1   2 135   0
  65   3   4   7 195
 14   0   0   0   0
 336  22   2  10   3
 218  29   0  10   0
  10  14  42  35   0
 182  12   1   0 113
 22   0   0   0   0
 326 212   6   1   0
   0   0   0   0   0
  30   9  22  55   4
 131  26  16  38 153
 13  24  12   2   8
  13  73 145   9  21
   0   1 202   0   4
  10   3  20 152  16
  24   8  22   1 268
  0   0   0   0   0
   0 228 344   0  43
   0   0   0   0   0
   0   0   0   0   0
   0  27  82   0 205
 33   5   3  11   0
 114 106   5 112   8
   2  59   4  40   0
  23   3  11  50   7
  85   9  16  14  93
 50   1   0   0   5
 344  35   1   0  11
 106 113  12   0  46
  72   2  15  10  14
  76   1   5   0 130
 16  56   8   5  13
   8 142  98  73  20
   0   0  15   0   0
  15  19  22  52   1
  54  31   5   0 398
