0.5612535612535613
0.6505223171889839
0.6393910561370124
0.42070275403608737
0.5544651619234544
0.6562203228869895
0.6158245948522403
0.3704115684093437
0.633954857703631
0.43795620437956206
0.4986098239110287
0.6999050332383666
0.6147623862487361
0.4886025768087215
0.5527065527065527
0.6336822074215034
0.6538060479666319
0.4577397910731244
0.5587918015102481
0.5821462488129154
0.42070275403608737
0.5693430656934306
0.6942070275403609
0.44254510921177587
0.408243375858685
0.5610010427528676
0.16058394160583941
0.44254510921177587
0.6158113730929264
0.6097067745197169
0.6400759734093068
0.21245828698553948
0.6221692491060786
0.203559510567297
0.3468149646107179
0.5939933259176863
0.6220322886989553
0.24311490978157646
0.6191832858499525
0.4482431149097816
0.6666666666666666
0.37392959086584204
0.6239316239316239
0.17473884140550808
0.42055185537583256
0.6736441484300666
0.46609257265877285
0.35178351783517836
0.2259294566253575
0.5927687916270219
