0.4949392712550607
0.5387453874538746
0.5137211855104281
0.47918781725888326
0.6264009962640099
0.6204379562043796
0.588380716934487
0.4504692387904067
0.6707202993451824
0.3179587831207066
0.5899880810488677
0.5740922473012757
0.6101048617731173
0.5679374389051809
0.6164639850327409
0.47988774555659497
0.5489078822412156
0.5819430814524044
0.6756496631376323
0.466286799620133
0.4859228362877998
0.6527632950990615
0.5538894095595126
0.5131332082551595
0.24076281287246723
0.6800401203610833
0.4529828109201213
0.6384872080088988
0.3994111874386654
0.383060635226179
0.44160942100098133
0.5191768007483629
0.7146866230121609
0.6248830682881198
0.6482694106641721
0.5710659898477157
0.5966633954857704
0.4619395203336809
0.5417075564278705
0.61248654467169
0.48282630029440626
0.4862298195631529
0.4284377923292797
0.666015625
0.7266260162601627
0.6673618352450469
0.38612933458294285
0.742145178764897
0.5307612095933264
0.4630495790458372
