0.39599555061179087
0.507360157016683
0.6666666666666666
0.662414131501472
0.23552502453385674
0.3409801876955162
0.6516192345436702
0.5650522317188984
0.6410256410256411
0.7199046483909416
0.7674190382728164
0.5554231227651967
0.7679924242424242
0.5505735140771637
0.566127497621313
0.464839094159714
0.4415954415954416
0.6590198123044838
0.6418242491657397
0.6100217864923747
0.25941872981700753
0.33115060804490176
0.6961063627730294
0.6740654205607477
0.7545748116254036
0.6925996204933587
0.5004748338081672
0.24311490978157646
0.7094017094017094
0.26572528883183566
0.6012891344383057
0.5411887382690302
0.5299313052011776
0.7355584082156611
0.6182531894013739
0.5294771968854283
0.5787476280834914
0.6343779677113011
0.6607369758576874
0.607924921793535
0.6176470588235294
0.5691287878787878
0.4962121212121212
0.42246982358402974
0.34739941118743867
0.5457380457380457
0.3505535055350554
0.6210629921259843
0.574585635359116
0.6
