0.6522140221402214
0.6165556612749762
0.3201663201663202
0.6534562211981567
0.7235238987816307
0.5192909280500522
0.5245046923879041
0.3852376137512639
0.5249077490774908
0.7104029990627929
0.570385818561001
0.49706457925636005
0.612933458294283
0.0821566110397946
0.5584045584045584
0.3349112426035503
0.5501043841336117
0.4583723105706268
0.5593719332679097
0.47895229186155286
0.6494845360824743
0.33594515181194906
0.3451824134705332
0.5525024533856723
0.6165556612749762
0.5977121067683508
0.6428571428571429
0.619234543670265
0.5498981670061099
0.6965352449223416
0.43966323666978485
0.676333021515435
0.5882352941176471
0.5789990186457311
0.45275958840037417
0.23718712753277713
0.6221786064769381
0.6204545454545455
0.5921610169491526
0.45592705167173253
0.438512869399428
0.18116805721096543
0.6273364485981309
0.5071496663489037
0.32012513034410844
0.6614872364039955
0.4966634890371783
0.6549295774647887
0.509822263797942
0.47895229186155286
