0.5782857142857143
0.7074688796680498
0.36235038084874865
0.6368421052631579
0.6100104275286757
0.7359389895138226
0.6198179979777553
0.4566420664206642
0.3830570902394107
0.6014760147601476
0.4180478821362799
0.6412930135557873
0.5193726937269373
0.7186346863468634
0.6261510128913443
0.75
0.6017222820236814
0.4989648033126294
0.5054112554112554
0.48933901918976547
0.59436913451512
0.5650172612197929
0.5585106382978723
0.7658227848101266
0.6604395604395604
0.6781472684085511
0.5995828988529719
0.3666044776119403
0.6005560704355886
0.6808510638297872
0.6858202038924931
0.4368048533872599
0.3219557195571956
0.5589318600368324
0.6398929049531459
0.5474452554744526
0.7025316455696202
0.42193087008343266
0.7407749077490775
0.25651720542231493
0.6574162679425838
0.6378802747791953
0.5931734317343174
0.4881889763779528
0.5589318600368324
0.5787401574803149
0.6346863468634686
0.559040590405904
0.6261510128913443
0.5724713242961418
