 22   1   0  14   6
  47 130  33 170  91
   0   5  90   0   0
   0   0   0 115   3
  73   2   0   6 100
  0  18   4  12   0
   0   3 280   0   6
   0   3 348   0  60
   2  15 187   0   3
   0  41   0   1  38
 14   2   0  19   1
  31  48   4 275   4
   0  10 128  25   1
   7   0   0 143   1
  79   2   0  10 150
 13  18   0   1  10
  23 328  17   2  10
   0  29 172   0   1
  10  32   0  90   3
  93   7   0   0 160
  7   2   0  17   3
   9 159   1 222   4
   0  57 147   4   4
  12   3   0 174   0
  13   4   0   8  17
  3  14   0   3   5
  11 228  73  32  17
   0   5 146   0   4
  51   0   0  45   2
 112  21   0   3 214
  7   2   0  12   0
   0 406  37  81   0
   0   5  91   0   0
   1   0   0 162   1
  73   6   0  73  16
  1   3   1   5   1
   0 334   1  19   7
   0  56  90   0   1
   6   0   0 120   1
 120   8   1  22 109
  1   8   0   1   0
   0 249 160  24   3
   0  16 207   5   0
   2   4   0 169   0
  61   8   4   3  63
  4   4   0  17   0
  32 116  18 387   3
   0  36  62  18   0
   2   0   0 177   0
  25   4   0  48  34
  9   5   0   9   5
  17 372   4  95  16
   0   8  74   0   2
   0  11   0 122  12
  10   4   0   3  66
 13   5   0   0   5
   1 178  43   0  65
   0  46 208   0  31
   2  94   0  21   6
  11   5   1   0 136
  4   9   0   1   3
   1 369  61   0   4
   0   2  97   0   0
   0   9   2  75   2
  60  23   4   1  80
 13  12   3   6   1
   1 286  21  24   8
   0  24 196   0   0
  16  14   0 162   3
  72  10   4   4  89
 11  26   0  11   0
  82 432   0  92   8
   0  79   0   0   0
  16   5   0 121   2
  70   6   0   0  14
  0   3   0   0  11
   5 253 302  16  44
   0   0  23   0   0
  52  22   0  56  40
   3   0   0   0  87
 70   2   0   0  25
 117 316  10   0  26
   0  18   4   0   0
  39   1   0   0   0
  42   7   0   0 253
 18   3   0  20   0
  10  28   0  31   1
   3  22  32 122   0
   0   0   0  48   0
 159   0   0  22  81
 31   1   0   0   5
 270 178   2   7  31
   0  31  69   0   3
  45   7   0 138   0
  38   2   0   0 102
  1   9   0   3   0
   0 372  20  58  13
   0   8 122   0   2
   6   4   0  42   3
 119   5   0   8  53
  8   1   0  20   0
   2 324  47  53   5
   0   9  96   0   0
  12   0   0 114   2
  62   4   0   5 106
  5   4   0   0  19
   8  91   8  39  71
   0  13  97   1   9
   0  13   4 117   6
  11   7   0   2 199
 18   0   0   7   0
  67 165   0  96   2
   0  59  24  34   0
   2   0   0  57   1
 161   1   0   7  81
 41   0   0   0   0
 255  16   0   0   0
 158  10  66   0   1
  80   0   0   0   0
 115   0   0   0  93
  0   5   1   0  35
   3 266 213   0  44
   0   4  46   0  49
   0  28   0  21   6
  30  13   8   0 213
 10   2   0   1   5
  21 195   0 109  15
   0 127  46   4   2
  46   3   0  95   5
  19   5   0   1  65
 59   3   0   6   5
  84  83   0  33   7
   0  35  88   0   2
   3   0   0 130   1
  65   2   0   0 187
  2   8   0   4   0
   6 327  31  72  31
   0  36 142   0   2
  12  38   0 159   7
  40   7   0   5  57
 10  18   2   0   4
   5 184 197   0   8
   0   8 162   0   6
   0 144  13  10   0
  17  17   6   0  52
  1   5   0   7   6
   2 291  75  35   5
   0   8 168   0   2
   0  46   0 113   3
  26   1   0   6 117
 26   1   0   0   0
  54 390  94  22  12
   0   7 123   0   2
   6   1   0 112   0
  87   1   0   1  41
  6   6   0   0   3
   0  99 240   0   2
   0   0 286   0   0
   2 196  22  11   0
   0   7   1   0 140
  1   2   2   4   5
   0 342  82  21  13
   0   6 192   0   0
   0  35   3  98  39
   9  12   5   4  58
  0   0   4   5   1
   0  37 281  45   9
   0   0 178   0   0
  14   3   0 188   8
   3   3   1   9  57
 30  11   0   0   4
   7 200  67   3  26
   0   5 135   0   9
   8  47   0 141   0
  78   7   0   0 191
  3  10   0   0   2
   0 252 197   1  41
   0   0 192   0   4
   0  36   8 139   1
   6  10   1   3 136
  9  15   1  32   4
  25 257  37  91  19
   0  23 172   0   3
   4   9   0 199   0
  10  20   2  11  33
 17   5   0  25   8
  10 279  21 109  20
   0   4  92   0   2
   2   2   0 124  23
  51   3   1   5 146
 16   5   0  17   1
   1 171   8  56  18
   0  17 156   0   0
   0   0   0 105   8
  50   9   1   9 360
  2   7   0   0   3
   0  72 286   0  15
   0   0 329   0   1
   3 166   2  49   0
   3   6   3   0  32
 15   3   0   0  11
  34 237 157   0  39
   0   5 163   0   1
  37  53   0   8   5
  83   6   0   4  61
 21   0   0  12  21
  96 225   3  63  93
   2  61 135   0   5
  22   0   0  68   2
  80   0   0   5  84
 10   0   0  17   0
  26 107  20 188  20
   0  48  95   1   5
  12   0   0 122   6
 150   0   0  21 111
  6   2   0  21   2
  24 228  46  89  10
   0   0 200   1   2
   0   0   0 155   0
  48   5   1  67  94
  0   2   0   0   4
   3 216 212   3  40
   0   0 175   0   4
  32  76   2  44  25
   0   2   0   0  47
  4   1   0  64   1
  15   1   3 356   3
   0   0  54 101   0
   0   0   0 101   2
  89   2   1  87  24
  0  11   4   2   1
   0  83 243   0   0
   0   0 280   0   3
   2  37 146  62   4
  16   4  16   0  63
 27   0   0   0  20
 285  16   0  33 125
   6  22   0   0  55
  43   0   0  57   9
  81   0   0   0 205
  1   6   0   0   1
   6 202  11   0  61
   0   3 171   0   0
   0  66   0  91   4
 117   4   0   0 143
  0   9   2   4   2
   0 128 190   1  18
   0  30 250   0   9
   0  31   9  29   0
  16  61   7   4 140
 15   0   0   0   4
  62 192   4  94  35
   0  75 133   0  13
  10   0   0 172   2
  11   1   0   1  45
 13   2   0  27   0
  47  99   0 258   8
   0  78  91   0   0
   0   0   0 143   5
  47   3   0  17 110
  1   0   0   0   2
   9 342  27   5  35
   0  15 106   0   0
   0  17   0 118   7
  28   2   2   0 233
  3   3   0   2   6
   2 364  94  45  21
   0   0 117   0   2
   3   8   0 112  20
   5   4   2   1  94
  9   6   0   2   0
  13 256  75   9  16
   0   0 153   0   1
   1  60   0  47   0
  42  14   2   0 139
 10   0   0   2   4
  43 345  28  99  12
   0  30  93   0   0
  10   9   0 228   0
  13   2   0   2  47
  6   4   0   0  11
   5 352  41  13  15
   0  24 149   0   7
   6  22   0 107   0
  10   5   0   0 209
 10  24   0   4  14
   0 223  14   6  24
   0  30 175   0   1
   5   7   0  80   1
   9  17   1   1 400
 18   0   0  15   3
  88   0   0 435  10
   2   0  16  63   0
   0   0   0  74   0
 120   0   0  25 107
  7   6   0   0   6
   0 184  92   1  18
   0   4 264   0  25
   4  68   0  44  14
  19   1   0   0 226
 10   0   0   0  36
  11  91  29   0 373
   0   0  60   0  48
  25  32   0   4  75
   4   0   0   0 122
  0   4   1   5  25
   5  16  95  49  58
   1   1 232   0  46
   4   0   6   0  29
  12   4   0   6 376
  9   4   0   0  15
   4 214 116   4  36
   0   0 136   0  17
   0   4   0 150   0
  12   1   0   1 118
 23   0   0   5   5
  20 189  30 149  18
   0   9 140   0   6
   3   0   0  57   3
  51   1   0   1 187
 18   0   0  11  19
  55 215   6 103  73
   0  13 114   4   9
  31   0   0 113  19
   8   0   0   0  67
  0   3   0   0   4
   0 197 113   0  97
   0   0 199   0   9
   0  48   7   0  63
  12   4   0   0 213
 12   0   0   0  40
  21 104   9   0 241
   0  23 138   0  12
  44  45   0  12  56
   3   0   0   0 245
  2   0   0  42   0
   2   0   2 356   2
   2   0 127  45   5
   0   0   0 114   0
  21   0   0 110  45
  0   5   5   0   3
   0  59 126   0   5
   0  13 287   0   0
   0   4   8   0   0
  19   7  11   0 424
  0   1   0  26   0
   5 196  27 169   8
   0   6 162   0   1
   5   0   0 244   0
  29   2   1  63  59
