0.503303964758
0.380999020568
0.506289308176
0.748773307164
0.581314878893
0.643073811931
0.700924974306
0.721854304636
0.697368421053
0.398176291793
0.761848341232
0.638346727899
0.774473358116
0.769865841073
0.592820512821
0.456924754635
0.691397849462
0.345
0.539583333333
0.695754716981
0.744827586207
0.703038674033
0.441176470588
0.258682634731
0.554314720812
0.529639175258
0.689785624212
0.696754563895
0.484356894554
0.752453653217
0.70612244898
0.530852105779
0.740621650589
0.543735224586
0.719298245614
0.692898272553
0.686475409836
0.693361433087
0.801587301587
0.494382022472
0.524945770065
0.534068136273
0.464025026069
0.682317682318
0.543404735062
0.202420242024
0.499488229273
0.309959349593
0.685456595265
0.581914893617
0.640966628308
0.481012658228
0.842992623815
0.759911894273
0.714792899408
0.740020470829
0.834685598377
0.848948374761
0.220286885246
0.737538148525
0.311956521739
0.64
0.745541022592
0.664437012263
0.600227790433
0.628482972136
0.508457711443
0.329142857143
0.78893442623
0.658366533865
