  0   9   0  21  13
   0 388   5  33  45
   0  19  76   0   0
   0   1   0 116   1
   0  16   0   8 157
  0  15   2  17   0
   0 235  54   0   0
   0  57 354   0   0
   0 148  56   0   3
   0  25   6  14  35
  0   4   0  16  16
   0 179  18 159   6
   0  10 138  16   0
   1   0   0 133  17
   0   7   0   4 230
  0  14   0  12  16
   0 244  27  95  14
   0  15 174  11   2
   0  55   1  72   7
   0  12   0   9 239
  0  12   0  15   2
   0 367   0  28   0
   0  96 111   4   1
   0  15   0 169   5
   0  13   0   7  22
  0  19   0   1   5
   0 287  55   8  11
   0  27 125   0   3
   0  24   0  67   7
   0  41   0   3 306
  0  11   0   8   2
   0 489  18  17   0
   0  13  83   0   0
   1   1   0 162   0
   0  15   0  13 140
  0   5   0   6   0
   0 357   0   4   0
   0  57  90   0   0
   0   2   0 125   0
   0  19   0  24 217
  0   8   0   2   0
   0 403  25   8   0
   0  18 205   5   0
   0  13   0 161   1
   0  30   2   5 102
  0  17   0   8   0
   0 525  13  16   2
   0  55  61   0   0
   0  11   0 168   0
   0  20   0   7  84
  1  11   0  10   6
   0 473   4  12  15
   0  17  67   0   0
   0  20   0 121   4
   0   5   0   6  72
  2  15   0   2   4
   0 279   0   0   8
   0 110 169   0   6
   0  77   2  43   1
   0  14   1   0 138
  0  13   0   1   3
   0 431   1   0   3
   0  30  69   0   0
   0  32   0  56   0
   0  43   0   3 122
  0  19   2   3  11
   0 312  17   9   2
   0  43 177   0   0
   0  56   0 135   4
   0  19   2   6 152
  0  42   0   5   1
   0 609   0   5   0
   0  79   0   0   0
   0  81   0  56   7
   0  24   0   0  66
  0   9   2   0   3
   0 416 163  30  11
   0   0  23   0   0
   0  36   0 128   6
   0   8   2   2  78
  0   7   0   0  90
   2 362   0   8  97
   0  21   1   0   0
   0   0   0   6  34
   0  11   0   0 291
  0  15   0  13  13
   0  65   0   3   2
   0  46 116  16   1
   0  27   0  21   0
   1   0   0   7 254
  0  20   0   0  17
   0 390   6   5  87
   0  20  81   0   2
   3  59   0 112  16
   0  17   0   0 125
  0  13   0   0   0
   0 402  49   6   6
   0  45  87   0   0
   0  37   0  16   2
   0  20   0   9 156
  0   4   0  20   5
   0 400  21   8   2
   0  16  89   0   0
   0  26   0  95   7
   0   7   0   7 163
  0  19   0   1   8
   0 142  26  18  31
   0  16 101   0   3
   0  51  13  75   1
   0  22   1   5 191
  0   6   0   5  14
   0 311   0   8  11
   0  60  57   0   0
   0   1   0  55   4
   0   6   0   4 240
  0  14   0  14  13
   0 232   5  16  18
   0  57 178   0   0
   0  51   0  29   0
   0   9   2   0 197
  0  23   0   0  18
   0 470  46   0  10
   0  15  81   0   3
   0  26   0  27   2
   0  46   0   1 217
  0   7   0   1  10
   0 316   0  13  11
   0 134  45   0   0
   3  23   0 113  10
   1  14   0   1  74
  0  15   0   0  58
   0 169   0   6  32
   0  56  69   0   0
   0  19   0 114   1
   0   7   0   1 246
  0  10   0   3   1
   0 429   6  19  13
   0  23 157   0   0
   0  75   0 140   1
   0  14   0   4  91
  0  29   0   1   4
   0 372  20   0   2
   0  28 148   0   0
   0 108   0  59   0
   0  35   2   3  52
  0  11   0   4   4
   0 385  15   5   3
   0  22 155   0   1
   0  74   0  88   0
   0   5   0  15 130
  3  13   0   8   3
   0 558  10   1   3
   0  70  61   0   1
   0  45   0  74   0
   2  12   0   2 114
  0  15   0   0   0
   0 273  67   1   0
   0  12 274   0   0
   0 200   0  31   0
   0  15   0   1 132
  0   4   0   5   5
   0 430  11   5  12
   0  33 164   0   1
   0  33   0 132  10
   0  16   3   7  62
  0   4   0   4   2
   0 136 210  19   7
   0   0 178   0   0
   0  27   4 167  15
   0   6   3   4  60
  2  19   0   3  21
   0 283   6   0  14
   0  48  94   1   6
   0 139   0  53   4
   0  21   0   8 247
  0  12   0   3   0
   0 441  39   2   9
   0   9 186   0   1
   0  53   1 130   0
   0  25   2  19 110
  0  29   0  28   4
   0 378   4  42   5
   0  63 134   0   1
   0  17   0 193   2
   0  37   1  12  26
  1  27   0  18   9
   0 420   4   7   8
   0  16  79   2   1
   0   7   0 133  11
   0  20   0   8 178
  0   7   0  21  11
   0 218   3  21  12
   0  27 146   0   0
   0   0   0 107   6
   0   6   0  20 403
  0  10   0   0   2
   0 347  26   0   0
   0  83 247   0   0
   0 184   0  35   1
   0  11   1   0  32
  0   5   0   2  22
   0 433   0  20  14
   0  91  78   0   0
   0  95   0   8   0
   0  17   0  16 121
  0  20   0  12  22
   0 424   3   2  51
   0  61 138   0   4
   0  12   0  62  18
   0   2   0   5 162
  1   4   0  15   7
   1 329   5  17   9
   0 114  34   0   1
   0  18   0 113   9
   1   6   0  11 264
  0   9   0  14   8
   0 349  38   7   3
   0   2 198   1   2
   0   3   0 149   3
   0  20   1   5 189
  0   4   0   0   2
   0 426  33  10   5
   0  12 166   0   1
   0  70   0  79  30
   0   8   0   0  41
  2   4   0  47  17
   0 236  27 102  13
   0  35  96  24   0
   0   0   0 101   2
   0   4   1  40 158
  0  13   2   3   0
   0 263  61   2   0
   0  12 271   0   0
   0  93 105  52   1
   0  30  10   2  57
  0   8   0   0  39
   0 383   0   4  72
   0  79   0   0   4
   0   3   0  65  41
   1   6   0   1 278
  0   8   0   0   0
   0 264   6  10   0
   0  57 117   0   0
   0 106   0  53   2
   0  20   0   0 244
  0  10   0   6   1
   0 312  10   0  15
   0  57 226   1   5
   0  48   1  20   0
   0  90   0  18 120
  0   7   0   3   9
   0 329  12  31  15
   0  63 151   0   7
   0  21   0 159   4
   0   5   0   0  53
  1  10   0  15  16
   0 385   1  15  11
   0  72  97   0   0
   0   1   0 142   5
   0   5   0   7 165
  0   1   0   0   2
   0 393   0   1  24
   0  26  95   0   0
   0  23   0 114   5
   0  10  11   0 244
  0   8   0   1   5
   0 500  11   3  12
   0  24  95   0   0
   3  26   0  97  17
   0  11   0   1  94
  0   6   0   3   8
   0 328   9  19  13
   0   0 153   0   1
   1  30   0  62  15
   0  23   0   1 173
  0   9   0   3   4
   0 497  12  11   7
   0  29  94   0   0
   0  65   0 182   0
   0  11   0   3  50
  0  12   0   0   9
   0 406  13   0   7
   0  57 120   0   3
   0 106   0  29   0
   0  12   0   0 212
  0  25   0   4  23
   0 245   0   6  16
   0  52 154   0   0
   0   2   0  86   5
   0  24   0   2 402
  0   3   0  15  18
   0 187   0 290  56
   0  28  24  29   0
   0   2   0  72   0
   0  10   0  15 227
  0  15   0   0   4
   0 266  28   1   0
   0  76 212   0   5
   0  92   0  34   4
   0  42   5   1 198
  0  17   0   3  26
   0 419   0  13  72
   0 101   1   0   6
   0  28   2  59  47
   0  18   0   0 108
  0  18   4   2  11
   0 144  53  16  10
   0  21 243   1  15
   0  23   6   5   5
   0  49  17  12 320
  0  11   0   1  16
   0 304  57   1  12
   0   8 144   0   1
   0  19   0 135   0
   0  10   2   1 119
  0   1   0   5  27
   0 312   9  71  14
   0  17 135   0   3
   0   0   0  54   9
   1   4   0   2 233
  0  10   0  15  23
   0 401   1  20  30
   0  24 115   0   1
   0  13   0 111  39
   0   1   0   0  74
  0   4   0   0   3
   0 353  18   3  33
   0   8 195   0   5
   0  66   0  43   9
   0   9   0   3 217
  0   0   0   1  51
   0 219   5   1 150
   0  41 130   0   2
   0  11   0  86  60
   0   1   0   0 247
  0   6   1  24  13
   0 277  19  60   6
   0  21 154   1   3
   0  13   0 100   1
   0   9   1  42 124
  0  11   1   0   1
   0 146  42   0   2
   0  85 215   0   0
   0  12   0   0   0
   0 319   2   0 140
  0   9   0  18   0
   0 362  24  11   8
   0  12 157   0   0
   0  12   0 236   1
   0  11   0  33 110
