0.811674008811
0.611165523996
0.712788259958
0.715407262022
0.771626297578
0.793731041456
0.89825282631
0.870860927152
0.881578947368
0.849037487335
0.869668246445
0.724454649828
0.840148698885
0.800825593395
0.749743589744
0.703380588877
0.709677419355
0.76
0.7375
0.779481132075
0.858620689655
0.703038674033
0.847826086957
0.761676646707
0.807106598985
0.70618556701
0.754098360656
0.82860040568
0.731170336037
0.826608505998
0.826530612245
0.695396669931
0.844587352626
0.639479905437
0.700722394221
0.832053742802
0.748975409836
0.854583772392
0.867063492063
0.67517875383
0.694143167028
0.787575150301
0.77267987487
0.884115884116
0.802705749718
0.652365236524
0.658137154555
0.737804878049
0.764374295378
0.721276595745
0.796317606444
0.833333333333
0.891464699684
0.86563876652
0.847337278107
0.842374616172
0.777890466531
0.847992351816
0.522540983607
0.722278738555
0.638043478261
0.730256410256
0.834720570749
0.818283166109
0.79840546697
0.833849329205
0.678606965174
0.748571428571
0.513319672131
0.861553784861
