  0  10   0   1   4
   0 290  90   2   5
   0  16 199   6   9
   0  43   2  97   4
   0  31   1  14 260
  0   2   0   1   0
   0 263  23   4  46
   0  75 166   0  20
   0  66  17  72   2
   0  57   2   0 235
  0  19   0   7  63
   0 255   0  13  89
   0 134   0   0   1
   0  27   3  60   6
   0  14   0   5 266
  0  28   0   0   0
   0 323   2   2  19
   0  42 140  11   6
   0  36   4  37   5
   0 109  11  17 293
  0  20   0   0   2
   0 238  34   0   5
   0  36 293   9   1
   0 109   1  52   2
   0  23   0   0 242
  0  32   0   5   7
   0 341  53   3  78
   0   4  86   1   5
   0 104   0  98   6
   0  10   0   1 125
  0  29   0   0   7
   0 360   2   4  22
   0 150  78   1   0
   0  23   1  53  19
   0  19   0   0 191
  0  14   0   6  15
   0 355 119  33  85
   0   7 102   7  19
   0   9   2  55   4
   0  14   1   1 141
  0   1   0   0  16
   0 478   2   0  81
   0  30 124   0   4
   0  29   0  52 147
   0   0   0   0 120
  0  14   0   1  10
   0 426   5   7  17
   0  49 127   0   1
   0  51   3 129  12
   0   5   0   0 210
  0   9   0   4  16
   0 288  57  30  13
   0   9  93   6   6
   0  22   3  89   9
   0  10   0   4 291
  0  12   0   0   0
   0 472  48   0   9
   0  47  82   0   2
   0  97  17  17   2
   0 112   1   0 104
  0  33   0  14   6
   0 369  22  14   4
   0  12  85   0   0
   0  77   5  88   6
   0  48   0  14 270
  0   0   0   0   0
   0 217 413   3  84
   0   0   0   0   0
   0   0   0   0   0
   0   5   0   0  57
  0  12   0   0  12
   0 319   5   3  27
   0 130 146  51   8
   0  26   1  42  30
   0  16   0   0 225
  0  14   0   2  47
   0 428   0   1  67
   0 104   1   0   0
   0   3   0  29   0
   0   4   2  14 129
  0  17   0   0  19
   0 465  22   1  17
   0   9  40   0   0
   0 123   4 123  16
   0  10   0   1  91
  0  21   0   3  29
   0 403  52  16  48
   0  10 115  15   7
   0  45   8 162  27
   0  10   0   2  96
  0  30   0   5  22
   0 354  36   3  32
   0  11  76   0   0
   0  49   1 136  15
   0  18   0  10 221
  0  16   0   6   8
   0 273 119   2   7
   0   5 132   2   0
   0  13   4  66  13
   0 125   5   1 272
  0  16   0   1   7
   0 230   2   1  11
   0 132 132   0   7
   0  57   0  37   6
   0   6   0   0 131
  0   0   0   0   0
   0 417  10   0 312
   0   0   0   0   0
   0   0   0   0   0
   0  10   0   0 272
  0  58   0  18  11
   0 613   0  21  24
   0   0   0   0   0
   0  66  15  83  13
   0  14  10  14 109
  0  26   0   0   6
   0 435  14   5  18
   0  86  93   1   2
   0  28   0 123   9
   0  35   0   2 136
  0   8   0  19   9
   0 264  13  15  14
   0  47 142   1   6
   0  15   3 161   7
   0  17  19  26 265
  0  22   0   1  15
   0 325  22  11  18
   0  62 190   3  12
   0 102  17  46   9
   0  18   5  12 159
  0  11   0   0  11
   0 439  14  10  44
   0  46  78   3   3
   0  26   2 142  22
   0   5   0   0 194
  0  25   0   2  10
   0 418  37   7  22
   0  15  58   0   1
   0  26   3 199  19
   0  19   0   1 157
  0  46   0   8  10
   0 376  42   5   8
   0   5   8   0   0
   0  40   2 122   3
   0  50   1   9 247
  0  15   0   0   3
   0 399   2   1  29
   0  59  40   0   5
   0  50   5 152   5
   0  14   0   0  58
  0  38   0  13   8
   0 511   1  25  17
   0  63   8   0   2
   0  74   6  36   8
   0  88   1   5 165
  0  55   0   4   9
   0 378  22   3   2
   0  13  55   0   0
   0  33  11 153   9
   0  37   1   5 279
  0  10   0   8  10
   0 348  31  23   5
   0  64 183   0   0
   0   9   1 116  10
   0  24   0   7 154
  0  26   0   5  36
   0 494   7   1  30
   0   1  48   0   0
   0  34   4  85  10
   0  39   2   6 191
  0  73   0   3  14
   0 323  29   7   9
   0  13  59   6   2
   0  58   3 110  11
   0  74   2  12 261
  0  22   2   0   6
   0 268 140   4  47
   0   1  78  31  16
   0  58   0  64   8
   0  24   7   0  63
  0   3   0   2  13
   0 229  17  24  13
   0  20  57   0   1
   0  36   1 121   7
   0  25   0  15 435
  0  12   0   1  10
   0 318   2   3  33
   0 110  56   0   6
   0  58   5  75  27
   0   1   0   0 163
  0  32   0   0   4
   0 458  52   0  19
   0   7 117   0   4
   0  69   5  61  11
   0   9   0   0  96
  0  28   0   0   4
   0 445   0   0   0
   0   1   0   0   0
   0  52   0 115  20
   0  61   2   0 259
  0  41   2   0  13
   0 362  42   1  45
   0  70 151   0  39
   0  33   0  72  10
   0  28   0   0 140
  0   4   0   0   2
   0 399   3   1  67
   0  77  11   1   4
   0 118   8  77  14
   0   5   0   0  48
  0   7   1   0   2
   0  63  83   2  13
   0   9 305  57  18
   0  21   1  83   0
   0  11   2   1 177
  0  17   0   7   9
   0 480  18   1  15
   0  15  41   0   3
   0  62  14  49  21
   0  28   3   4 262
  0   3   0   0  10
   0 258   0  53 386
   0  43  11   3  34
   0   2   0   7   3
   0   6   0   0 140
  0   7   0   0   5
   0 164   4   2  84
   0  58  20   0  42
   0  30   0  38   4
   0  53   0   0 390
  0  42   0   0  13
   0 400   7   0  18
   0  25  17   0   0
   0  62   0  36  46
   0  39   0   0 344
  0  33   1   0  21
   0 324  28   0  16
   0  27 119   0   5
   0  34   1  92  23
   0   9   0   0 261
  0  36   0  12  16
   0 537  17   6  26
   0   3  23   0   1
   0  48   0  34  10
   0  38   0  13 249
  0   4   0   0  11
   0 459   0   1  79
   0  82 101   1  19
   0 146   8  67  41
   0   0   0   0  50
