  0  32   3   0  20
   0 273  83   0  33
   0   4 161   1   1
   0   8   1  62   3
   0  46   3   0 319
  0   1   0   0   0
   0 339  23   3  22
   0 112  71   2   6
   0  10   4  55   5
   0  47   0   0 353
  0   5   0   0  14
   0 367   3   0  30
   0  42  19   0   1
   0  70   0  12   8
   0  38   0   0 442
  0  14   0   1   6
   0 394  72  12  61
   0 127 128   3  15
   0  30  13  72  12
   0   8   0   4  81
  0  39   0   0  75
   0 217   4   2  89
   0  61  62   0   3
   0   7   0  10  27
   0   8   0   0 415
  0  17   0   4   4
   0 514   0   8  15
   0  44   0   0   0
   0  27   1  24   8
   0  38   0   0 349
  0  57   0   0  21
   0 341  30   1  26
   0  62 276   6  24
   0  53   0  41  17
   0  24   0   0  70
  0   0   0   0   0
   0 373  90 116  34
   0   0   0   0   0
   0   0   0   0   0
   0  38   0   1 247
  0  15   1   0   1
   0 303  13   0  14
   0 160 157   0   2
   0  21   0  84   9
   0  24   3   4 208
  0   4   0   0   4
   0 211  19  10 110
   0  51 130   2  10
   0  45   8  86  12
   0  20   3   2 232
  0  62   0   1  12
   0 418   1   4   5
   0   8   0   0   0
   0  24   4  84   5
   0 131   1   6 313
  0  12   0   1   9
   0 384  25  12  11
   0  27  35   0   0
   0  30   0 169  14
   0  13   0   0 311
  0   2   0   1   2
   0 364  12   9  55
   0  30 135   2   2
   0  31   1  94  20
   0  17   2   0 210
  0  10   0   1  15
   0 361  16   5 114
   0  17  13   4   5
   0  16   0  53  74
   0   2   0   1 302
  0  29   0   4   7
   0 451   8   3  26
   0  53  42   0   1
   0  49   0  93  14
   0  79   9   4 181
  0   3   0   1   5
   0 496  24   0   8
   0  51 101   0   3
   0  87   9  93  17
   0   5   0   1 147
  0  20   0   0   8
   0 228  23   4  16
   0  17 257   2   4
   0  62   1  18  10
   0  12   0   0 277
  0 108   0   0  21
   0 294   4   0   8
   0  74  20   0   1
   0 103   3  47  71
   0  46   0   0 253
  0  17   0   2  11
   0 227   6   6  14
   0 176 106   0   0
   0  46   1 150   7
   0   3   0   3 152
  0   1   0   0   1
   0 382  49  16  62
   0  34 170   4   2
   0  27   0 123  12
   0  32   1   5 132
  0  75   2   1  52
   0 439  14   6 142
   0   0   0   0   0
   0  21   0  25  11
   0  95   0   2 168
  0  23   0   5   6
   0 396   3  15  20
   0  59   5   0   0
   0  33   3  91   7
   0  31   2  17 243
  0  17   0   0   2
   0 380   1   2  15
   0  55  14   0   0
   0  43   3 109  13
   0  60   1   0 338
  0   0   0   0   0
   0 424 101 190  31
   0   0   0   0   0
   0   0   0   0   0
   0  27   0   0 280
  0  60   0   3  14
   0 424   3  12   4
   0  18   3   2   0
   0  29   5  73  10
   0 190  19   2 148
  0  18   0   2   1
   0 313  53   0   5
   0   4 124   0   1
   0  85   6  96   6
   0  12   9  50 174
  0   8   0   0   1
   0 268  95   2  56
   0  49 289   0  50
   0  24  30  52   5
   0   9   0   0  21
  0   2   0   0   0
   0 278 155  10  28
   0  25 309   1   6
   0  36   0  50   1
   0  55   7  23  67
  0  21   0   0   3
   0 393   1   2   7
   0  57   7   0   1
   0  28   0  31  43
   0   5   0   0 122
  0   9   0   0   4
   0 304  56  10   9
   0  24 160   4   3
   0   7  14  55   0
   0  25   0   0 305
  0  10   0   1   9
   0 147  26   5  77
   0  45 186  19  57
   0  12   7 151   3
   0  16   0   7 275
  0  13   0  20   7
   0 423   0  85  14
   0   0   0   0   1
   0  11   0  70  12
   0  27   0  31 185
  0  58   0   0   3
   0 409   2   2   6
   0  19   8   0   0
   0 103   0  69   7
   0  42   0   0 111
  0   0   0   0   0
   0 287  18  23 425
   0  11   1   0  10
   0   0   0   0   0
   0  15   3   5 101
  0  60   0   0  23
   0 387  25   0  35
   0   0   7   0   1
   0  67   4  18  41
   0  93   0   3 225
  0  48   0   3   1
   0 409   1   7   4
   0   8   0   0   0
   0 103   3 186   2
   0  35   0   0  89
  0  17   0   0   4
   0 418   4   3  36
   0 163  48   0  11
   0  47   1  56  24
   0  15   0   0 206
  0  20   0   2   5
   0 425   0  60  24
   0   9   0  23   0
   0  21   3  65   6
   0 100   0   7 283
  0   8   0   0   6
   0 188  29   0  26
   0  21 137   0  27
   0  41   0  44  37
   0  43   0   0 446
  0   5   0   1   3
   0 555  90   3  59
   0  17  91   0   2
   0  20   1  44   1
   0   9   0   0 152
  0   8   0   1   6
   0 313  36   6  15
   0  24 232   1   1
   0  20   1  92   4
   0   4   0   3 286
  0  72   0  13   3
   0 442  38   7   0
   0   0  53   0   0
   0  34   2  79   1
   0 161   0  10 136
  0  17   0  21  11
   0 432   0  90   5
   0  35   0   0   0
   0  16   0 149   3
   0  22   0  13 239
  0  14   0   0   0
   0 359   0   7   7
   0 248   0   6   3
   0  15   2  84   0
   0 115   0   0 193
  0  16   0   5   1
   0 538   1   5   1
   0   0   0   0   0
   0  20   1  94   5
   0  36   0  48 280
  0  41   2   2  14
   0 170  55   2  34
   0   6 150   7  44
   0  37   5 157   2
   0  26   3   4 290
  0   0   0   0   0
   0 440 156   3  16
   0   0   0   0   0
   0   0   0   0   0
   0 169   3  14 128
  0  20   1  26   5
   0 279   0  52  14
   0 105   0   0   0
   0  13   4  63  14
   0  36   0  18 163
  0  28   0   0  28
   0 342   0   2  47
   0 228   0   0  49
   0  62   3  24  24
   0  34   0   0 178
  0  82   1   3  12
   0 303  17   5  16
   0   8   7   0   0
   0  54   7  45   3
   0  86   0   0 402
