  0  18   0   0   0
   0 120  55   0   2
   0   6 308   0   1
   0  36   3  48   5
   0  48   2   1 222
  0  37   0   0  10
   0 297   0   2  31
   0  92  72   0   4
   0  28   4  33  13
   0  63   0   0 278
  0   5   0   0  13
   0 224   1   2 232
   0  33   6   0   1
   0  56   1  30  61
   0  15   2   0 237
  0   7   0   0   6
   0 438   3  11  21
   0  44  18   1   0
   0  16   1 154  15
   0  30   0   3 182
  0   7   6   0   2
   0 254  60   5  43
   0   4 140  42  27
   0  32   0  41   8
   0  28   3   0 257
  0  33   0   0   2
   0 272   7   3   7
   0  36 259   9   3
   0  27   2  57   0
   0  20   0   1 311
  0  15   0   0   2
   0 244  64   1  24
   0  15 300   1   6
   0  29  16  24   2
   0  34   1   0 211
  0  26   0   4  18
   0 475  29   7  18
   0  16  22   1   0
   0  21   0 126  11
   0  13   0   3 294
  0   9   0  10   5
   0 469   0  31  18
   0   0   0   0   0
   0  49   4 127  13
   0  73   5  18 255
  0   2   0   4   5
   0 389   0  34  68
   0 110  48   0   5
   0  10   0 134  24
   0  16   0   2 233
  0  51  12   3  10
   0 178 188  10  26
   0   1 110  30   6
   0  29  21  40  20
   0  78   8   1 264
  0  10   0   2  39
   0 235   4   6  80
   0  21  37   0   0
   0  12   0  33  23
   0   1   1   4 451
  0  33   0   0   9
   0 439  46  13  10
   0  33  66   0   0
   0  57   7  24   3
   0  52   1   0 291
  0   8   0   0  39
   0 376   1   0  80
   0 105  36   0   4
   0  10   0  70  22
   0   5   0   0 328
  0  32   0   0   6
   0 280   0   0  18
   0 171  57   0   8
   0  18   2  96  15
   0  54   3   2 324
  0   3   0   3   5
   0  89   1   7   5
   0  48   9   2   0
   0   0   0  17   1
   0   6   0   1 163
  0  11   1   1  11
   0 200  47  12  39
   0  21  24   0   3
   0  33   6 108  12
   0   9   0   3 388
  0  32   0   0   6
   0 291  11   0  74
   0  37  42   0  23
   0  66   3  28   1
   0  63   0   1 288
  0  42   0   1   7
   0 388  37   2   6
   0   8  71   0   0
   0  98   2  68   7
   0  48   0   0 139
  0  17   0   0   2
   0 411  43   9  67
   0   9 152   2  17
   0  32   3  48  13
   0   9   0   0 104
  0  15   0   1   2
   0 299  31   5   2
   0  66 127   8   5
   0  92   1 114   5
   0  42   0   0 144
  0   7   0   0   1
   0 214  47   0  27
   0  29 221   3   6
   0  36   3  31   6
   0  28   0   0 210
  0  14   0   0   5
   0 484  52   4   7
   0   9  44   0   0
   0 119  14  55   7
   0  15   0   0 111
  0  22   0   2   2
   0 325  11   9   3
   0  31 139   0   1
   0  61   8 121   1
   0   5   0   0 207
  0  49   0  12  17
   0 303   8   4  22
   0  60  28   0   1
   0  47   0  36   6
   0  15   0   5 297
  0  36   1   0  27
   0 307   3   0  54
   0  23  10   0   2
   0  31   0  29   6
   0   4   0   0 309
  0  26   0   1   6
   0 288   1   1  29
   0 107  44   0   4
   0  55   6  67  19
   0  29   0   3 273
  0  96   0   1   1
   0 359   7   6   1
   0  40  42   0   0
   0  83   9  26   4
   0 121   3   5 268
  0   4   0   0  10
   0 159   2   0  30
   0 374   5   6  23
   0  23   0  11   6
   0  48   0   0 378
  0   5   0   1   7
   0 333   6   4  46
   0  94  76   1   5
   0   4   1  96  22
   0   6   0   0 374
  0   2   0   0   8
   0 347   4   1 104
   0  51  50   1   1
   0  11   1  12  22
   0   5   0   0 459
  0   7   0  24  25
   0 417   0  67  47
   0  28   0   0   0
   0  18   0 142  20
   0  10   0   9 175
  0  19   2   2  10
   0 300  32  78  56
   0 114  14  12  20
   0  45   4   7  31
   0 187  28  16 107
  0  14   0   5  24
   0 173  18  27  80
   0  32 163  67  30
   0  59   2  48  22
   0  10   0   2 310
  0  13   0   0   7
   0 328   5   0  27
   0  71  13   0   2
   0  54   2  30   4
   0  11   1   0 179
  0   6   0   2   7
   0 543  26   5  31
   0  14  49   0   6
   0  48  13 133  13
   0   4   0   0  59
  0   3   0   0   1
   0 359   3   3   5
   0 121  89   1   7
   0  39   2  71   2
   0  21   0   0 221
  0  25   0   0   4
   0 408  35   1  43
   0   4 135   0  13
   0  67  10  20   6
   0  26   0   0  42
  0  35   0   1  36
   0 187  13   1  20
   0  62 225   0   6
   0  21   2  72   1
   0  22   2   3 375
  0  13   0   0  24
   0 238   7   2 372
   0   4   2   0  32
   0  17   0   0   5
   0  11   0   0 232
  0  17   0   0  24
   0 303   3   2  48
   0 133  34   1   3
   0  22   0  47  28
   0   6   0   0 374
  0  19   0  12   9
   0 448  10  10   3
   0  29 121   2   1
   0  20   3 154  11
   0  26   0   6 135
  0  25   0   1  11
   0 340  14   1   6
   0  36 130   3   0
   0 111   7  36   6
   0  30   1   3 323
  0   5   0   3   7
   0 326  15  23  22
   0  28  72   0   1
   0   4   0  18   1
   0 183   0   0 308
  0   4   0   0   2
   0 134 106   2  49
   0  39 225   0  24
   0  23   2  15  39
   0  69   0   0 353
  0  19   0   3   0
   0 407  14   0  18
   0  78 122   0   3
   0 102   1  79  17
   0  13   0   3 137
  0  14   0   5  10
   0 325  24   3  26
   0   7 162   0   4
   0  84   0 106  30
   0   1   0   0 283
  0  31   0   2  19
   0 437  30   3  10
   0   5 119   0   0
   0  37  14 109   2
   0  77   3   4 182
  0  11   0  11   2
   0 575   1   8   8
   0  43   0   1   2
   0   5   1  93   0
   0  72   6  65 182
  0   3   0   1  10
   0 400  24  10  93
   0  10  20   0   5
   0   7   5  22   0
   0  57   0   0 292
