  0  12   0   1   3
   0 373  98   1   8
   0  17 153   0   3
   0  65   7  15   2
   0  33   2   2 193
  0  26   0   0   6
   0 456   7   7  36
   0  31  73   0   7
   0  75   2  34  14
   0  86   0   0 224
  0  28   0   0  10
   0 317  49   0   5
   0  14 137   0   2
   0  90   0  42  63
   0   6   0   0 148
  0  15   0   2  38
   0 600   2   4  33
   0   2   0   0   0
   0  58   0  36  52
   0   3   0   0 140
  0  20   0   2   5
   0 206  43   4  15
   0  12 187   0   3
   0  59  22  49   2
   0  13   0   1 160
  0  77   0   2  20
   0 265   3   5   4
   0  19 133   0   1
   0  82   1  45   3
   0  36   0  62 201
  0   9   0   2   4
   0 347  14   0   6
   0  29  51   0   1
   0  35   0 106   3
   0  27   0  17 158
  0  22   0   0   3
   0 257 165   0   5
   0   3 222   0   2
   0 101  33  47   0
   0  30   1   0  68
  0   6   0   1  17
   0 416  12   4  12
   0  65  87   3   4
   0  71  13  59  49
   0   7   0   2 241
  0  51   0   9   7
   0 201   0   6   1
   0 197   2   0   0
   0  12   4  46   6
   0 119   4  15 339
  0   5   0   0   7
   0 375  17  16  38
   0  70  97   0   2
   0  62  13  86   1
   0   0   0   0  50
  0  16   0   0  12
   0 386  17   3  21
   0  89 160   0  10
   0  52   7 104  14
   0  34   1   0  93
  0   8   0  10  18
   0 415   8  19  66
   0  49  87   0   4
   0  14   0 165  52
   0   1   0   4 129
  0  26   0  13  27
   0 391   0  22  28
   0  36   4   4   0
   0  42   0  81  14
   0   1   0   1 333
  0  15   0   2  10
   0 622   3   8  24
   0  32   3   0   1
   0  58  17  78   4
   0   7   0   2 183
  0  32   0  11  13
   0 512   0   4  22
   0  14   2   0   0
   0  88   9  44  31
   0  37   0   5 245
  0  26   0   0  85
   0 212   0   0 132
   0  81  34   0   2
   0   8   0  76  13
   0   9   0   0 375
  0  24   0   5  18
   0 455   3  17  22
   0  50  68   0   0
   0  41   7  73   4
   0  61   0   3 168
  0  31   0   3  10
   0 344   4   4  35
   0  15 116   0   2
   0  44   6  50  10
   0  22   0   0 343
  0  60   0   4  55
   0 269   4   5  66
   0  64  38  22  10
   0  24   0 113  65
   0  30  11  27 186
  0  11   0   2   7
   0 449   4  10 103
   0  12  86   6   0
   0  39   1  34   1
   0  49   1   2 142
  0   1   1   0   4
   0 291  25   8  23
   0  16 152   0   6
   0  16   0 223  13
   0   1   1  17 161
  0  87   1  36  18
   0 422  24  12   2
   0  35  66   0   0
   0  15   1 159   2
   0  34   3  36 114
  0  12   0   3  19
   0 468   7   6  45
   0  83  77   0   2
   0  87   3  91  47
   0   1   0   4 111
  0   7   0   2  28
   0 357   0   5  19
   0  77   2   0   1
   0  64   0  95  65
   0   4   0   2 111
  0  10   0   0   4
   0 316  62   1  18
   0  14 167   1   1
   0  79  12  98   2
   0   6   0   1 205
  0  34   0   0   7
   0 225  60   0  29
   0  28 218   0  32
   0  71   7  31  15
   0  29   0   0 203
  0  11   0   0  29
   0 285   4   2  30
   0 139 110   0  19
   0  45   2  73  16
   0   6   1   1 126
  0  20   5   0   6
   0 122 160   0  17
   0   7 141 155  18
   0  97   4  83   5
   0  25   7   4 143
  0  20   0   0  10
   0 616   1   0  61
   0   0   0   0   0
   0 133  18  29  50
   0  14   0   0  87
  0  10   0   0   2
   0 353 147   0  13
   0   3 109   0   1
   0 130   3  76   5
   0  55   1   0 111
  0   4   0  27  17
   0 386   3   5  15
   0  51  79   0   3
   0  45  10  78   4
   0  77   0  22 243
  0  11   0   2  15
   0 436  27   0   9
   0   8  93   0   0
   0 100   3 105  10
   0   3   0   0 247
  0   1   0   0  40
   0 351   0   7  79
   0 118  56   0  26
   0  42   0 140  33
   0   1   0   0 175
  0  66   0   1  18
   0 423  36   4  17
   0   2  75   0   1
   0  46   6  88   7
   0  21   1   0 257
  0  45   0   3   2
   0 238   3   0   7
   0  60 143   0   1
   0 109   2  66   4
   0  63   0   5  37
  0  11   0   0   4
   0 467   2   0  19
   0  56  66   0   2
   0  64   9 147  29
   0  22   0   2 119
  0  17   0   2   1
   0 437 181  10   3
   0   0   8   0   0
   0  34   0 167  15
   0  19   0  17  48
  0  29   0   4   2
   0 466  42   1   2
   0   0   3   0   0
   0  31   0 128  10
   0  52   0  37 212
  0  16   0   4  20
   0 256  55   5  24
   0  18 166   4   9
   0  47   0 102   5
   0   8   0   2 188
  0  55   0   0   5
   0 298  79   1  20
   0   5 236   0  11
   0  70   5  66   6
   0  67   1   3  91
  0   5   0   2   0
   0 386   2  14  44
   0  89  45   1  17
   0  58   7  57  54
   0  22   0  30 220
  0 134   0   0  14
   0 383   7   0  35
   0   0   0   0   0
   0 152   4  10  22
   0  96   0   0 212
  0   7   0   1   3
   0 398  14  10  20
   0  20  96   0   0
   0  87  10 116  11
   0   6   0   1 224
  0  39   0   0  10
   0 380  26   0   0
   0  10 131   0   0
   0  94   1  81   4
   0  24   0   0 184
  0   6   0   0  27
   0 368   2   2  21
   0  26 170   0   2
   0  31   3 124  24
   0  15   1   0 137
  0  14   0  12  71
   0 225  99   4  69
   0   1 249  18  26
   0  95   3  48  16
   0   1   1   0 115
  0   1   0   2   7
   0 260   5  18  33
   0 170 175   5  17
   0  12   0 111  11
   0   0   0   0  96
  0  57   0  12   1
   0 487   2   6   1
   0  13   2   0   0
   0  54  16  90   8
   0  76   0  48  86
  0  22   0  10  11
   0 360 169   2  31
   0   1  58   0   1
   0  38   0 148  26
   0   3   0   4 185
