  0   0   0   0   0
   0 394  16  23  37
   0   0   0   0   0
   0  26   3  37   2
   0 152   7  14 188
  0  15   0   0   6
   0 283   7   7  14
   0  93 140   0   4
   0  24   5  54   0
   0 100  28  12 227
  0  12   0   1   6
   0 418   0   0  11
   0 149  76   5   7
   0  14   4  69   4
   0  62   3  12 191
  0  65   0   1   4
   0 255   1   2   3
   0 116 181   0   4
   0  56   2 109  10
   0  30   0   2 178
  0  61   0  64   3
   0 461   1  59   9
   0   2   0   0   0
   0  43  11 111   2
   0  63   1  36  92
  0  16   0   3  14
   0 308   9   2   9
   0  23 165   5   0
   0  18   0  54   1
   0  61   0  18 253
  0   2   0   1   1
   0 223  21   6  52
   0 112 152  14  11
   0  18   3  82  10
   0  11   1   8 291
  0   0   0   0   0
   0 292 170   1  24
   0   0   0   0   0
   0   0   0   0   0
   0 118   0  31 417
  0   2   0   0  10
   0  98  35   1  37
   0  12 350  40  25
   0  17   1  43  12
   0   1   0   0 369
  0   1   0   0   3
   0 384   1   0  22
   0  40  22   0   0
   0   9   0  25   5
   0  27   0   0 300
  0   4   0   1   5
   0 115  10   0   8
   0  19 190   5   3
   0  19   0  69   0
   0   4   5  47 515
  0  77   0   0   5
   0 276  31   3   7
   0   9  88   0   0
   0  62   5  27   5
   0 120   4   1 119
  0   1   0   0   2
   0 212   3  23  18
   0  48  73   1   1
   0  22   0  74   0
   0  55   0   2 521
  0  39   0   6   3
   0 334  25   0   9
   0  20  26   0   0
   0 104   1 157   9
   0  42   9  14 161
  0  16   0   2   1
   0 243  10   9   3
   0  71 181   2   2
   0  27   3  59   2
   0  71   4  32 313
  0   9   0   3  28
   0 309   3   7  17
   0  20  74   0   1
   0  69   5 129   0
   0  29   3   6 127
  0  32   0  16  43
   0 268   3  11  10
   0 125   1   1   0
   0   5   0  86   9
   0   7   1  42 393
  0  23   0   1   3
   0 262  25   0   5
   0  41 183  13   4
   0  31   0  55   1
   0  34   2   5 271
  0   6   0   0   7
   0 271   0   1   5
   0 115  91   0   4
   0  43   5 135   7
   0   9   0   2 198
  0  58   0   4   8
   0 444  16   1  12
   0   4  20   0   0
   0  18   2  37   8
   0  80   0   0 206
  0   1   0   0  13
   0 266   0   0 127
   0 163   0   1  82
   0   5   0   0 133
   0   1   0   0 137
  0  15   0  11   1
   0 498   0  85   8
   0   2   0   0   0
   0  44   6 144   3
   0  33   4  35 180
  0  17   0   2   1
   0 216  29   5   2
   0  19 132   9   1
   0  12   0  20   2
   0 201   0   7 378
  0  17   0   1   3
   0 279   6   1  10
   0 109 105   0   1
   0  38   3  72   3
   0  32   4   0 172
  0   2   0   0   1
   0 374   4   8  28
   0 154  82   0   5
   0  27   0  56   1
   0   9   0   0 178
  0   1   0   0   0
   0 515   6   1  50
   0  69  43   0   2
   0  47   1  61   7
   0  55   0   0 196
  0   0   0   0   0
   0 396 170  59  10
   0   0   0   0   0
   0   0   0   0   0
   0 178   2   0 238
  0   8   0   2  40
   0 401   0   8 187
   0  19   0   0   1
   0   9   2  91  71
   0  38   0   0 176
  0  14   0   0   2
   0 517  15   4   8
   0  52  80   0   1
   0  29   0  64   7
   0  13   0   0 247
  0   1   0   0   2
   0 443  17   1 118
   0  51   2   0  10
   0  47   1   0  50
   0   1   0   0  35
  0  13   0   0   5
   0 286  31   0  32
   0  28 193   1   3
   0  92   2  55  12
   0  15   0   4 314
  0   6   0   0   5
   0 506   0   3  12
   0 173  17   1   1
   0  38   6  69   5
   0  33   1   1  82
  0  16   0   0  21
   0 257   0   0  86
   0  53   0   0  13
   0  32   0  28  94
   0   9   0   0 410
  0   5   0   0   0
   0 362   1   8   8
   0 169  60   0   0
   0  60   0  57   1
   0  12   0   1  35
  0  13   0   3  19
   0 560   0  11  50
   0  44   2   0   1
   0  11   0 100  33
   0   2   0   2 168
  0  26   0   0   2
   0 347  32   1   5
   0  15 100   0   0
   0  44  25  43  21
   0  88   0   5 145
  0  48   0   0   4
   0 264  24   0   5
   0  49 299   4   5
   0  71   5  56   4
   0  66   0   5 145
  0  17   0   3   9
   0 382   0   6   4
   0  99 105   0   3
   0  26   3 119   4
   0  29  37  34 173
  0   8   0  11   3
   0 223  29  23   6
   0   3 138   6   2
   0  47   1 116  13
   0   1   1   5 151
  0  22   0   2   9
   0 442   0   6  30
   0   0   0   0   0
   0  12   4  47   7
   0 108   0   7 263
  0   9   0   0   4
   0 239  76   3   4
   0   6 154  22   0
   0  51   1  48   6
   0   4   0   1 188
  0  16   0   1   2
   0 406  18   0  13
   0  43  94   9   1
   0  24   2  25   1
   0 216   0   2 183
  0  40   1   6  17
   0 353  25  33  39
   0  72  13   8   2
   0   6   0  33   6
   0  50   6   6 340
  0  32   0   4   9
   0 338  88   2  94
   0   9  36   1  12
   0  46   0  48  36
   0  71   0   0 251
  0  21   1  20   5
   0 507   2  62  16
   0   0   0   0   0
   0  18   0 148   3
   0  32  13  14 157
  0  23   0   1   7
   0 418  79  37  17
   0   6  17   0   0
   0  41   6 147   4
   0  10   1   1 147
  0  50   0   0   7
   0 474   1   0   8
   0  94   4   0   3
   0 107   6  98   8
   0  34   0   0 190
  0   6   0   0   1
   0 331  33  16  16
   0  25 159   7   9
   0  63   2 106   3
   0  36   0   0 203
  0  19   0   3  15
   0 339  50   7  28
   0   9  95   0   3
   0  31   3 120  15
   0  27   1   0 321
  0   6   0   0   4
   0 183  18   0  18
   0  10  71   0   2
   0  39   0  38   5
   0   2   0   0 219
