0.7804428044280443
0.7002854424357755
0.603950103950104
0.7308755760368664
0.7731958762886598
0.6777893639207507
0.7111574556830031
0.660262891809909
0.7140221402214022
0.8359887535145267
0.7935349322210636
0.6604696673189824
0.761012183692596
0.35173299101412064
0.6951566951566952
0.6946745562130178
0.7505219206680585
0.725912067352666
0.7723258096172718
0.6950420954162769
0.6829896907216495
0.6748285994123409
0.7530402245088869
0.7723258096172718
0.7916270218839201
0.6863679694947569
0.8123809523809524
0.81648675171737
0.7668024439918534
0.7753882915173238
0.6735266604303087
0.8091674462114126
0.7986041874376869
0.802747791952895
0.7043966323666978
0.5637663885578069
0.8263002944062807
0.6954545454545454
0.7754237288135594
0.8297872340425532
0.6911344137273594
0.6376638855780691
0.7336448598130841
0.7931363203050524
0.4337851929092805
0.6792452830188679
0.7597712106768351
0.8008048289738431
0.7885874649204865
0.6333021515434986
