0.7977142857142857
0.7053941908713693
0.5408052230685527
0.8336842105263158
0.721584984358707
0.8570066730219257
0.7876643073811931
0.8459409594095941
0.783609576427256
0.7416974169741697
0.5451197053406999
0.7883211678832117
0.7564575645756457
0.7472324723247232
0.6970534069981584
0.7722222222222223
0.77502691065662
0.6718426501035196
0.7207792207792207
0.7622601279317697
0.7132429614181439
0.7779056386651323
0.7382978723404255
0.8354430379746836
0.7296703296703296
0.7779097387173397
0.7007299270072993
0.648320895522388
0.5125115848007414
0.81313598519889
0.8044485634847081
0.7421638018200202
0.3948339483394834
0.6390423572744015
0.7362784471218207
0.8175182481751825
0.7805907172995781
0.7210965435041716
0.7924354243542435
0.4921793534932221
0.7253588516746412
0.8420019627085378
0.764760147601476
0.7125984251968503
0.6694290976058932
0.7332677165354331
0.8081180811808119
0.7813653136531366
0.7826887661141805
0.7653806047966631
