0.742914979757085
0.7260147601476015
0.7069154774972558
0.7878172588832487
0.7496886674968867
0.6715328467153284
0.8182941903584673
0.6193952033368092
0.7511693171188026
0.577036310107949
0.7246722288438617
0.7291462217860648
0.7588179218303146
0.7908113391984359
0.8288119738072965
0.7511693171188026
0.6619183285849952
0.7497546614327772
0.8209817131857555
0.5754985754985755
0.7413972888425443
0.862356621480709
0.7132146204311153
0.700750469043152
0.6734207389749702
0.7883650952858575
0.6845298281092013
0.660734149054505
0.47988223748773307
0.7045235803657363
0.6368989205103042
0.735266604303087
0.8241347053320861
0.6753975678203928
0.7885874649204865
0.6142131979695431
0.7841020608439647
0.6882168925964547
0.7939156035328754
0.7664155005382132
0.6781157998037292
0.6723646723646723
0.5659494855004678
0.814453125
0.7886178861788617
0.8331595411887383
0.5970009372071228
0.695557963163597
0.6934306569343066
0.7025257249766137
