0.7739791073124407
0.7768281101614435
0.7992388201712655
0.6410256410256411
0.6908734052993131
0.842355175688509
0.6939942802669209
0.6896551724137931
0.7379784102060843
0.6871741397288843
0.7553290083410565
0.8537511870845205
0.8119312436804853
0.7224975222993062
0.7283950617283951
0.796384395813511
0.8133472367049009
0.5830959164292497
0.6850053937432579
0.7663817663817664
0.6001899335232669
0.7664233576642335
0.798670465337132
0.6685660018993352
0.6359175662414132
0.7372262773722628
0.656934306569343
0.6685660018993352
0.7669902912621359
0.833164812942366
0.7207977207977208
0.7541713014460512
0.7115613825983313
0.43270300333704115
0.6440849342770475
0.760845383759733
0.691358024691358
0.7340930674264008
0.7739791073124407
0.7996201329534662
0.8765432098765432
0.6755470980019029
0.7787274453941121
0.603988603988604
0.8677450047573739
0.7297811607992388
0.6114101184068891
0.6211562115621156
0.5185891325071497
0.7202664129400571
