0.6885428253615128
0.6908734052993131
0.7222222222222222
0.7095191364082434
0.6516192345436702
0.8133472367049009
0.7340529931305201
0.6733143399810066
0.8167141500474834
0.8712753277711561
0.872423945044161
0.6078665077473182
0.8333333333333334
0.7069864442127216
0.7573739295908658
0.7616209773539928
0.7103513770180437
0.8039624608967675
0.7730812013348165
0.7701525054466231
0.43379978471474706
0.7689429373246024
0.7084520417853751
0.7336448598130841
0.7427341227125942
0.7732447817836812
0.6020892687559354
0.6343779677113011
0.862298195631529
0.6161745827984596
0.7808471454880295
0.7028154327424401
0.6820412168792934
0.6598202824133504
0.8145240431795878
0.7063403781979978
0.7248576850094877
0.7397910731244065
0.7979669631512071
0.7841501564129302
0.7708333333333334
0.6704545454545454
0.6998106060606061
0.6248839368616528
0.7968596663395485
0.7577962577962578
0.7066420664206642
0.7864173228346457
0.8057090239410681
0.8308943089430895
