  0  24   0   9  10
   0 355  18  12  86
   0  11  84   0   0
   0  19   0  96   3
   0  24   0   4 153
  0  12   5  17   0
   0 154 135   0   0
   0  45 366   0   0
   0  63 141   2   1
   0  31   6   7  36
  1   3   0  14  18
   0 251  15  92   4
   0  21 140   3   0
   0   0   0 137  14
   1  10   0   6 224
  4  23   0   4  11
   1 360  14   2   3
   0  41 150  10   1
   0  69   0  64   2
   1  31   0   4 224
  0  15   0  13   1
   0 375   3  17   0
   0  68 141   3   0
   0  17   0 171   1
   0  16   0   6  20
  0  22   0   0   3
   0 289  66   2   4
   0  16 139   0   0
   0  55   0  39   4
   0  62   0   2 286
  2  12   0   7   0
   0 495  22   7   0
   0   9  87   0   0
   0   6   0 156   2
   2  32   0  16 118
  0   7   0   3   1
   0 356   5   0   0
   0  77  70   0   0
   0  27   0 100   0
   0  25   0  27 208
  0   9   1   0   0
   0 347  87   2   0
   0  22 205   1   0
   0  41   0 132   2
   0  70   2   0  67
  0  19   0   6   0
   0 546   2   8   0
   0  73  43   0   0
   0  40   0 137   2
   0  24   0   3  84
  0   8   0  12   8
   0 461   3  28  12
   0  14  70   0   0
   0  13   0 127   5
   1  10   0   4  68
  1  12   1   2   7
   0 249  27   1  10
   0  97 187   0   1
   0  60   7  53   3
   0  12   2   0 139
  0  14   0   0   3
   0 397  36   0   2
   0  40  59   0   0
   0  41   2  44   1
   0  66   1   0 101
  0  22   0  10   3
   0 302  28  10   0
   0  32 188   0   0
   0  59   0 134   2
   0  25   0  19 135
  0  45   0   3   0
   0 609   0   3   2
   0  79   0   0   0
   0  72   0  66   6
   0  31   0   0  59
  0   7   0   1   6
   0 370 103   8 139
   0   7  16   0   0
   0  88   6  31  45
   0   5   0   2  83
  0  24   0   0  73
   0 427   0   0  42
   0  22   0   0   0
   0   3   0  15  22
   0  20   0   3 279
  6  21   0   4  10
   0  66   2   0   2
   0  57 122   0   0
   0  48   0   0   0
   5   3   0   4 250
  3  22   0   0  12
   8 424   1   3  52
   0  27  75   0   1
   1  86   0  98   5
   0  21   0   1 120
  0  13   0   0   0
   0 416  41   3   3
   0  22 110   0   0
   0  49   0   5   1
   0  41   0   4 140
  4   6   0  14   5
   0 393  28   8   2
   0  20  85   0   0
   0  27   0  98   3
   1  11   0   5 160
  0  18   0   0  10
   0 144  29  19  25
   0  17 100   0   3
   0  30  14  94   2
   0  25   2   0 192
  1   4   0   6  14
   1 299   0  11  19
   0  99  18   0   0
   0   0   0  59   1
   1   4   0   5 240
  0  28   0   6   7
   0 228   9   6  28
   0  73 161   0   1
   0  64   0  15   1
   0  32   0   0 176
  0  18   1   0  22
   0 417  89   1  19
   0  17  39   0  43
   0  23   0  31   1
   0  45   1   0 218
  0   9   0   2   7
   0 326   1   4   9
   0 135  44   0   0
   7  21   0 107  14
   0  14   0   2  74
  3  21   0   0  49
   2 190   0   4  11
   0  34  91   0   0
   0  19   0 114   1
   1  21   0   2 230
  0  12   0   2   0
   0 444   3  13   7
   0  67 112   0   1
   0  84   0 128   4
   0  29   0   2  78
  0  30   0   0   4
   0 356  35   0   3
   0  35 138   0   3
   0 128   3  36   0
   0  46   0   0  46
  0   9   0   6   4
   0 357  36   7   8
   0  17 161   0   0
   0  57   4 101   0
   0   4   0  21 125
  0  23   0   4   0
   0 539  31   0   2
   0  34  97   0   1
   0  41   0  78   0
   1  26   0   2 101
  0  14   0   0   1
   0 268  72   1   0
   0  14 272   0   0
   0 221   4   5   1
   0  15   0   0 133
  0   3   0   8   3
   0 392  34  20  12
   0  31 165   0   2
   0  25   0 131  19
   0  14   0  25  49
  0   2   2   4   2
   0  64 285  20   3
   0   0 178   0   0
   0  17  13 173  10
   0   9   2   7  55
  4  18   0   2  21
   0 273  12   2  16
   0  49  96   0   4
   0  45   0 150   1
   0  21   0   0 255
  0   4   1  10   0
   0 386  96   1   8
   0   1 195   0   0
   0  50   4 130   0
   0  18   4  34 100
  0  48   0   4   9
   0 384   0  33  12
   0  71 123   0   4
   0  99   0 112   1
   0  36   1   2  37
  0  31   0  14  10
   0 410   5  15   9
   0  17  81   0   0
   0  10   0 130  11
   0  25   2   8 171
  0   8   0  20  11
   0 215  11  18  10
   0  12 161   0   0
   0   0   0 110   3
   0  20   2  13 394
  0  10   0   0   2
   0 267 105   1   0
   0  35 295   0   0
   0 111   0 108   1
   0  10   2   0  32
  0   7   0   4  18
   1 380  48  26  12
   0  63 106   0   0
   0  42   0  60   1
   2  33   0  17 102
  0  38   0   0  16
   0 449   4   0  27
   0  62 139   0   2
   0  49   0  41   2
   0  17   0   5 147
  0   6   0  17   4
   0 315  17  25   4
   0  61  84   0   4
   0  43   0  94   3
   8  38   0  28 208
  0   9   1  19   2
   0 344  43   6   4
   0  64 139   0   0
   0  12   0 143   0
   1  24   1  24 165
  0   4   0   0   2
   0 396  56  16   6
   0  10 169   0   0
   0  43   0 122  14
   0   6   0   0  43
  0  11   1  42  16
   0 259  87  27   5
   0  29 126   0   0
   0   0   0 102   1
   6  32   1  90  74
  0  12   5   1   0
   0 234  92   0   0
   0  10 273   0   0
   0  73  93  83   2
   0  34  13   0  52
  1   8   0   1  37
   0 385   0   6  68
   0  77   0   0   6
   6  13   0  65  25
   0  21   0   0 265
  0   8   0   0   0
   0 273   7   0   0
   0  64 110   0   0
   0  93   0  65   3
   0 102  10   2 150
  0  11   0   6   0
   0 285  44   7   1
   0  49 238   0   2
   0  38   0  31   0
   0 119   2   1 106
  0   8   0   0  11
   0 359   5  18   5
   0  91 128   0   2
   0  27   0 155   2
   0  12   0   0  46
  0  11   0  21  10
   0 387   1  18   6
   0  59 110   0   0
   0   2   0 141   5
   0   9   0  18 150
  0   2   0   0   1
   0 403   0   1  14
   0  27  94   0   0
   0  38   0 100   4
   0  10   0   2 253
  0   8   0   1   5
   0 465  47   0  14
   0  13 106   0   0
   0  39   0  84  20
   0  14   0   1  91
  0  10   0   1   6
   0 344   5  17   3
   0   2 151   0   1
   0  42   0  66   0
   0  26   0   0 171
  0  11   0   2   3
   0 502  13   7   5
   0  46  77   0   0
   0  74   7 166   0
   0  14   0   2  48
  0  10   0   0  11
   0 402  17   0   7
   0  52 127   0   1
   0  86   0  49   0
   0  13   0   0 211
  0  23   0   8  21
   0 245   5   6  11
   0  44 162   0   0
   0   6   0  83   4
   0  28   0   6 394
  0   3   0  16  17
   0 185   5 303  40
   0  17  64   0   0
   0   5   2  67   0
   1  21   0  22 208
  0  18   0   0   1
   0 266  28   0   1
   0  66 224   0   3
   0  83   0  46   1
   0  35  30   0 181
  0  19   0   0  27
   0 380   0  11 113
   0 101   0   0   7
   0  18   0  75  43
   0  16   0   0 110
  0  12   3   5  15
   0 151  23  21  28
   0  29 222   0  29
   0  30   2   6   1
   0  51  19   9 319
  0   7   0   5  16
   0 322  38   3  11
   0  18 135   0   0
   0  19   0 135   0
   0  11   0   2 119
  0   5   0   6  22
   0 321  20  57   8
   0  30 125   0   0
   0   6   0  52   5
   0   9   0   0 231
  2  15   0  14  17
   0 417   2  18  15
   0  31 109   0   0
   0  50   0  96  17
   0   3   0   2  70
  0   3   1   0   3
   0 352  25   8  22
   0  13 194   0   1
   0  63   0  52   3
   0  10   0   5 214
  0   7   0   4  41
   0 266   0   3 106
   0  37 135   0   1
   0  22   0 112  23
   0   5   0   0 243
  0  12   2  25   5
   0 291  22  48   1
   0  37 136   0   6
   0  13   0 101   0
   0  31  12  43  90
  0  12   0   0   1
   0 124  64   0   2
   0  37 263   0   0
   0  12   0   0   0
   0 321   1   0 139
  0   8   0  19   0
   0 304  38  54   9
   0  58 111   0   0
   0  10   0 239   0
   0  31   0  54  69
