0.757709251101
0.54652301665
0.789308176101
0.787046123651
0.815455594002
0.76137512639
0.881808838643
0.810154525386
0.76012145749
0.820668693009
0.86018957346
0.722158438576
0.744733581165
0.783281733746
0.752820512821
0.545256270447
0.775268817204
0.74
0.75
0.791273584906
0.850574712644
0.732044198895
0.789002557545
0.694610778443
0.715736040609
0.710051546392
0.791929382093
0.772819472617
0.667439165701
0.811341330425
0.831632653061
0.664054848188
0.789924973205
0.555555555556
0.802889576883
0.778310940499
0.672131147541
0.834562697576
0.873015873016
0.717058222676
0.702819956616
0.77755511022
0.730969760167
0.79020979021
0.822998872604
0.617161716172
0.657113613101
0.727642276423
0.674182638106
0.702127659574
0.791714614499
0.831223628692
0.895679662803
0.821585903084
0.866272189349
0.811668372569
0.800202839757
0.845124282983
0.536885245902
0.729399796541
0.614130434783
0.715897435897
0.845422116528
0.8127090301
0.790432801822
0.837977296182
0.75223880597
0.706285714286
0.53893442623
0.720119521912
