 20   0   0  15   8
  47 124  41 171  88
   0   6  89   0   0
   1   0   0 115   2
  70   2   0   8 101
  0  15   6  13   0
   0   3 280   0   6
   0   2 354   0  55
   2  15 187   0   3
   0  41   0   1  38
 15   1   0  19   1
  35  42   6 277   2
   1  11 127  25   0
   7   0   0 143   1
  79   2   0  10 150
 14  17   0   2   9
  37 309  17   8   9
   0  29 172   0   1
  13  32   0  88   2
  96   7   0   0 157
  5   4   0  17   3
  15 145   1 231   3
   0  58 146   4   4
  12   3   0 174   0
  13   4   0   8  17
  3  14   0   3   5
  11 226  74  32  18
   0   8 145   0   2
  52   0   0  44   2
 114  21   0   2 213
  7   2   0  12   0
   1 404  38  81   0
   0   5  91   0   0
   1   0   0 162   1
  74   6   0  72  16
  1   3   1   5   1
   0 333   1  19   8
   0  41 105   0   1
   6   0   0 120   1
 141   8   1  22  88
  1   8   0   1   0
   0 250 161  24   1
   0  16 207   5   0
   2   4   0 169   0
  61   8   6   3  61
  4   4   0  17   0
  36 104  19 394   3
   0  36  62  18   0
   3   0   0 176   0
  38   4   0  36  33
 11   3   0   9   5
  22 364   5  98  15
   0   8  74   0   2
   4   4   0 125  12
  12   3   0   3  65
 13   5   0   0   5
   3 169  53   0  62
   0  45 214   0  26
   2  92   0  23   6
  11   4   1   0 137
  5   8   0   1   3
   0 361  68   0   6
   0   2  97   0   0
   1   8   2  76   1
  62  22   4   1  79
 13  12   3   6   1
   1 280  26  25   8
   0  24 196   0   0
  19  14   0 159   3
  71  10   4   4  90
 13  26   0   9   0
 113 410   0  83   8
   0  79   0   0   0
  18   5   0 119   2
  70   6   0   0  14
  0   3   0   0  11
   7 251 301  16  45
   0   0  23   0   0
  54  20   0  55  41
   1   1   0   0  88
 73   2   0   0  22
 121 313  10   0  25
   0  17   5   0   0
  39   1   0   0   0
  47   6   0   0 249
 20   2   0  19   0
  10  28   0  31   1
   3  21  59  96   0
   0   0   0  48   0
 159   0   0  22  81
 31   1   0   0   5
 286 163   2   7  30
   0  30  70   0   3
  46   7   0 137   0
  38   2   0   0 102
  2   8   0   3   0
   4 354  20  75  10
   0   6 125   0   1
   6   4   0  42   3
 116   8   0   8  53
  8   1   0  20   0
   2 315  53  56   5
   0   9  96   0   0
  13   0   0 114   1
  64   4   0   3 106
  6   4   0   0  18
  11  84  10  39  73
   0  19  92   1   8
   2  12   4 117   5
  11   6   0   2 200
 18   0   0   7   0
  72 162   0  95   1
   0  35  22  60   0
   2   0   0  57   1
 193   1   0   7  49
 41   0   0   0   0
 256  15   0   0   0
 158  11  64   0   2
  80   0   0   0   0
 116   0   0   0  92
  0   5   1   0  35
   5 252 221   0  48
   0   6  47   0  46
   0  28   0  21   6
  29  13   9   0 213
  9   2   0   2   5
  31 160   0 136  13
   1 125  47   4   2
  51   0   0  95   3
  24   2   0   1  63
 60   2   0   7   4
  87  79   0  34   7
   0  35  90   0   0
   4   0   0 129   1
  64   2   0   2 186
  3   7   0   4   0
   7 322  37  71  30
   0  38 141   0   1
  12  34   0 160  10
  44   5   0   5  55
 10  18   2   0   4
   5 172 209   0   8
   2   8 161   0   5
   0 143  14  10   0
  16  16   6   0  54
  0   4   0   9   6
   2 295  70  36   5
   0   9 168   0   1
   0  46   0 113   3
  29   1   0   7 113
 26   1   0   0   0
  64 379  97  21  11
   0   8 122   0   2
   8   1   0 110   0
  88   1   0   1  40
  7   6   0   0   2
   0  91 248   0   2
   0   0 286   0   0
   2 190  27  12   0
   0   7   1   0 140
  1   2   2   4   5
   0 317 100  26  15
   1   4 193   0   0
   2  35   3  98  37
   8  12   7   4  57
  1   0   4   4   1
   0  25 300  39   8
   0   0 178   0   0
  21   0   4 185   3
   1   0   4  10  58
 29   9   0   3   4
   8 202  64   3  26
   0   8 133   0   8
  10  42   0 144   0
  78   7   0   0 191
  3  10   0   0   2
   0 246 202   1  42
   1   2 190   0   3
   0  27  15 141   1
   5  12   1   3 135
 10  14   1  32   4
  28 250  40  92  19
   1  22 173   0   2
   4   9   0 199   0
  13  17   2  11  33
 14   4   0  28   9
  11 275  18 115  20
   0   6  90   0   2
   3   2   0 123  23
  47   3   1   7 148
 16   6   0  16   1
   1 170   8  57  18
   0  16 157   0   0
   1   0   0 105   7
  62   5   1   9 352
  2   6   1   0   3
   0  68 289   0  16
   0   1 329   0   0
   9 155   2  54   0
   3   4   5   0  32
 15   3   0   0  11
  35 229 162   0  41
   0   6 163   0   0
  47  44   0   8   4
  90   5   0   0  59
 23   0   0  12  19
 122 206   3  59  90
   2  63 133   0   5
  22   0   0  68   2
  86   0   0   5  78
 10   0   0  17   0
  34  94  21 193  19
   0  49  95   1   4
  15   0   0 120   5
 150   0   0  21 111
  6   3   0  20   2
  38 203  52  97   7
   0   1 199   1   2
   0   0   0 155   0
  43   5   1  71  95
  0   2   0   0   4
   3 203 221   3  44
   0   1 174   0   4
  44  68   2  42  23
   0   2   0   0  47
  6   2   0  61   1
  15   0   4 356   3
   0   0  54 101   0
   1   0   0 101   1
  94   2   1  85  21
  0  11   5   2   0
   0  78 248   0   0
   0   0 283   0   0
   2  37 154  54   4
  16   4  17   0  62
 27   0   0   0  20
 300  12   0  32 115
  17  17   0   0  49
  47   0   0  57   5
  76   0   0   0 210
  1   6   0   0   1
   7 194  18   0  61
   0   2 172   0   0
   0  67   0  90   4
 130   4   0   0 130
  0   7   2   6   2
   1 127 193   1  15
   2  31 248   0   8
   0  26  14  29   0
  16  59   8   5 140
 15   0   0   0   4
  77 177   4  92  37
   0  68 140   0  13
  18   0   0 164   2
  11   1   0   1  45
 17   0   0  25   0
  54  92   0 258   8
   0  77  92   0   0
   1   0   0 143   4
  53   0   0  15 109
  1   0   0   0   2
   7 342  26   5  38
   0  15 106   0   0
   2  17   0 118   5
  28   2   2   0 233
  3   3   0   2   6
   2 355 101  47  21
   0   1 116   0   2
   3   8   0 112  20
   5   4   2   1  94
  9   4   1   2   1
  20 245  76   9  19
   0   0 153   0   1
   1  60   0  47   0
  46  15   2   0 134
 10   0   0   2   4
  50 319  30 117  11
   0  29  94   0   0
  10   9   0 228   0
  11   2   0   2  49
  6   4   0   0  11
   8 350  42  12  14
   0  25 149   0   6
   6  23   0 106   0
  16   6   0   0 202
 10  25   0   1  16
   1 222  15   6  23
   0  32 173   0   1
  12   3   0  77   1
  10  15   1   0 402
 18   0   0  15   3
  94   0   0 430   9
   2   0  16  63   0
   0   0   0  74   0
 122   0   0  24 106
  8   5   0   0   6
   4 177 100   1  13
   1   7 267   0  18
  29  47   0  41  13
  20   0   0   0 226
 10   0   0   0  36
  25  76  31   0 372
   0   1  62   0  45
  29  28   0   4  75
   5   0   1   0 120
  0   0   6   5  24
   8  14  93  53  55
   0   4 229   1  46
   4   1   5   0  29
  21   0   3   1 373
  8   3   1   0  16
   2 206 127   4  35
   1   4 139   0   9
   0   4   0 150   0
  15   1   1   1 114
 25   0   0   5   3
  30 171  33 156  16
   0  12 139   0   4
   7   0   0  56   0
  54   1   0   1 184
 20   0   0  11  17
  59 210   6 104  73
   0  15 116   4   5
  35   0   0 112  16
   9   0   0   0  66
  0   3   0   0   4
   0 197 115   0  95
   0   3 198   0   7
   0  47   8   0  63
  14   3   0   0 212
 15   0   0   0  37
  39  81  11   0 244
   0  23 138   0  12
  60  30   0  11  56
   3   0   0   0 245
  2   0   0  42   0
   3   0   2 356   1
   4   0 126  45   4
   0   0   0 114   0
  21   0   0 110  45
  0   5   5   0   3
   1  61 122   0   6
   0  14 286   0   0
   0   5   7   0   0
   0   4  18   0 439
  1   1   0  25   0
   7 191  28 171   8
   0   7 162   0   0
   7   0   0 242   0
  31   1   2  63  57
