0.49449339207
0.386875612145
0.5
0.726202158979
0.561707035755
0.638018200202
0.698869475848
0.71412803532
0.696356275304
0.38399189463
0.757109004739
0.638346727899
0.765799256506
0.761609907121
0.570256410256
0.454743729553
0.688172043011
0.393333333333
0.523958333333
0.679245283019
0.734482758621
0.689226519337
0.393861892583
0.253892215569
0.541116751269
0.481958762887
0.686002522068
0.690669371197
0.471610660487
0.751363140676
0.690816326531
0.524975514202
0.713826366559
0.528368794326
0.721362229102
0.686180422265
0.681352459016
0.684931506849
0.793650793651
0.495403472932
0.51409978308
0.509018036072
0.448383733055
0.657342657343
0.525366403608
0.200220022002
0.488229273286
0.310975609756
0.661781285231
0.578723404255
0.622554660529
0.477848101266
0.842992623815
0.748898678414
0.695857988166
0.7164790174
0.824543610548
0.845124282983
0.219262295082
0.731434384537
0.295652173913
0.631794871795
0.733650416171
0.641025641026
0.596810933941
0.626418988648
0.487562189055
0.328
0.805327868852
0.650398406375
