  0   0   0   0   0
   0 409  18  20  23
   0   0   0   0   0
   0  22   5  40   1
   0 158   9  16 178
  0  12   0   3   6
   0 282  10  11   8
   0  96 139   0   2
   0  25   2  56   0
   0  95  59  26 187
  0  12   0   2   5
   0 416   2   4   7
   0 144  86   2   5
   0  12   2  74   3
   0  67   4  13 184
  0  60   0   2   8
   0 250   2   5   4
   0 124 174   0   3
   0  52   6 110   9
   0  41   0   2 167
  3  59   0  53  13
   0 467   1  52  10
   0   2   0   0   0
   0  27  11 125   4
   1  55   3  26 107
  0  15   0   5  13
   0 306  12   1   9
   0  15 177   1   0
   0   5   0  66   2
   0  35   4  19 274
  0   1   0   1   2
   0 235  21   7  39
   0 117 160   7   5
   0  13   3  89   8
   0  12   1  15 283
  0   0   0   0   0
   0 333 144   0  10
   0   0   0   0   0
   0   0   0   0   0
   0 147   0  19 400
  0   6   0   0   6
   0 123  24   0  24
   0  30 374  10  13
   0  18   0  45  10
   0   4   0   0 366
  0   0   0   0   4
   0 395   1   1  10
   0  36  26   0   0
   0   6   0  29   4
   0  38   0   1 288
  0   4   0   0   6
   0 115   3   2  13
   0  42 173   0   2
   0  14   1  73   0
   0   2   8  39 522
  0  75   1   0   6
   0 274  33   0  10
   0  29  68   0   0
   0  71   2  19   7
   0 121   6   3 114
  0   1   0   0   2
   0 216   3  20  17
   0  33  87   2   1
   0  13   0  83   0
   0 106   1   2 469
  1  29   0  14   4
   0 349   9   1   9
   0  39   6   1   0
   0  85   2 177   7
   1  35   9  17 164
  0  14   1   2   2
   0 147 103  13   2
   0   5 245   3   3
   0  10   2  77   2
   1  63   7  34 315
  3   7   0   4  26
   2 310   1   7  16
   0  25  67   2   1
   0  74   3 123   3
   2  20   2   2 139
  9  18   0  14  50
   5 259   2   9  17
   0 125   2   0   0
   1   4   0  86   9
   0   1   2  21 419
  0  22   0   2   3
   0 260  28   1   3
   0  33 198   8   2
   0  19   0  66   2
   1  41   2   4 264
  0   6   0   0   7
   0 270   0   2   5
   0 122  84   0   4
   0  33   7 148   2
   0  13   0   1 195
  0  60   0   3   7
   0 441  20   0  12
   0   2  22   0   0
   0  21   4  35   5
   0  69   0   0 217
  0   6   0   0   8
   0 329   0   3  61
   0 223   0   1  22
   0  19   0  11 108
   0   9   0   0 129
  1  16   0   8   2
   2 533   0  46  10
   0   2   0   0   0
   0  39   5 150   3
   3  27   7  24 191
  0  15   0   3   2
   0 195  51   4   2
   0   3 153   4   1
   0  11   0  20   3
   0 233   1   7 345
  1  14   0   2   4
   3 262   9   5  17
   0  83 131   0   1
   0  31   3  80   2
   0  33   4   2 169
  0   1   0   1   1
   0 362  10  18  24
   0  99 139   0   3
   0  15   0  68   1
   0  22   0   2 163
  0   0   0   0   1
   0 520   5   7  40
   0  61  51   0   2
   0  38   0  74   4
   0  59   0   0 192
  0   0   0   0   0
   0 381 184  60  10
   0   0   0   0   0
   0   0   0   0   0
   0 156   0   0 262
  2   4   0  11  33
   6 440   0  55  95
   0  19   0   0   1
   1  10   2 131  29
   0  41   1   1 171
  0  12   0   2   2
   0 503  32   2   7
   0  33 100   0   0
   0  31   0  64   5
   0  16   0   1 243
  0   1   0   0   2
   0 469  36   0  74
   0  55   8   0   0
   0  56   7   9  26
   0   1   0   0  35
  0  12   0   0   6
   0 292  31   1  25
   0  30 192   0   3
   0  61   0  89  11
   1  21   1   6 304
  0   5   0   0   6
   0 499   0   5  17
   0 168  22   1   1
   1  35   8  66   8
   1  33   2   1  80
  0   7   0   1  29
   0 235   0  20  88
   0  44   0   0  22
   0  26   0  45  83
   0   2   0   0 417
  0   4   0   1   0
   0 361   1  12   5
   0 147  82   0   0
   0  51   0  66   1
   0  17   0   1  30
  0   7   0   5  23
   0 557   1  22  41
   0  38   9   0   0
   0   5   0 116  23
   0   1   0   2 169
  0  27   1   0   0
   0 348  27   1   9
   0  31  83   0   1
   0  53  14  46  20
   0 174   0   8  56
  0  47   0   3   2
   0 260  31   0   2
   0  54 299   0   4
   0  55   7  70   4
   0  64   0   9 143
  0  11   0   6  12
   0 377   2   7   6
   0  76 128   0   3
   1  20   6 120   5
   0  21  29  33 190
  0   3   0  11   8
   0 214  39  23   5
   0   2 141   4   2
   2  23   1 141  10
   1   0   1   4 152
  1  22   0   2   8
   0 456   0   4  18
   0   0   0   0   0
   0  13   2  47   8
   0  99   1  12 266
  0  10   0   0   3
   0 211  99   7   5
   0   2 167  13   0
   0  40   4  59   3
   0   4   0   1 188
  0  17   0   1   1
   0 403  25   3   6
   0  36 103   8   0
   0  22   3  27   0
   0 232   0   6 163
  0  44   0   6  14
   0 366  29  23  32
   0  44  44   6   1
   0   6   1  35   3
   0  62   6   6 328
  0  35   0   6   4
   0 343  99   4  76
   0  12  39   0   7
   1  35   0  67  27
   0  82   0   0 240
  3  17   1  16  10
   5 509   1  51  21
   0   0   0   0   0
   1  18   0 148   2
   1  34  13  12 156
  0  22   0   2   7
   0 404  88  47  12
   0  10  13   0   0
   0  23   8 163   4
   3  10   1   1 144
  0  50   0   4   3
   0 474   3   0   6
   0  89   9   0   3
   0 112   6  91  10
   0  78   1   4 141
  0   6   0   0   1
   0 311  55  16  14
   0  22 170   1   7
   0  61   0 111   2
   0  33   0   1 205
  0  17   0   7  13
   0 340  52   6  26
   0   8  97   0   2
   0  30   7 120  12
   0  28   1   0 320
  0   9   0   0   1
   0 199   9   0  11
   0  11  71   0   1
   0  38   1  39   4
   0   4   0   0 217
