  0  13   0   1   1
   0 299  84   1   3
   0  25 198   0   7
   0  30   1 111   4
   0  28   1  26 251
  0   2   0   1   0
   1 281   9   5  40
   0  93 149   0  19
   0  54  14  85   4
   0  52   4   1 237
  0  18   0   4  67
   3 237   0  24  93
   0 134   0   0   1
   0  26   4  60   6
   0  20   0   4 261
  0  28   0   0   0
   0 328   1   3  14
   0  42 151   1   5
   0  32   5  41   4
   0 114  14  15 287
  0  20   0   0   2
   0 247  27   0   3
   0  25 313   0   1
   0 111   7  45   1
   0  33   0   0 232
  0  31   0   6   7
   0 375  33   3  64
   0   4  88   0   4
   1  52   2 147   6
   0  16   0   0 120
  0  31   0   0   5
   0 367   4   1  16
   0 112 117   0   0
   1  26   4  55  10
   0  42   0   1 167
  0  10   0   6  19
   0 353 112  34  93
   0   5  92   5  33
   0   5   2  58   5
   0   8   1   1 147
  0   2   0   0  15
   0 510   4   4  43
   0  46 108   0   4
   0  49   0 127  52
   0   1   0   0 119
  2  12   0   2   9
   0 417  14  10  14
   0  47 129   0   1
   0  27   3 153  12
   0   5   0   0 210
  0   9   0   3  17
   0 255  83  39  11
   0   0 107   1   6
   0  18   2  89  14
   0   9   0   5 291
  0  12   0   0   0
   0 496  28   0   5
   0  39  90   0   2
   0  92   7  34   0
   0 120   1   0  96
  0  26   0  25   2
   0 341  38  27   3
   0   5  92   0   0
   0  40   7 125   4
   0  50   3  20 259
  0   0   0   0   0
   0 381 293   2  41
   0   0   0   0   0
   0   0   0   0   0
   0  16   0   0  46
  0  12   0   0  12
   0 220  14  21  99
   0  89 158  57  31
   0  20   1  44  34
   0  19   0   0 222
  2  11   0   2  48
   3 419   0   0  74
   0 101   4   0   0
   0   3   0  29   0
   2   1   4  10 132
  0  18   1   0  17
   0 480  12   1  12
   0  21  28   0   0
   0 116   4 141   5
   0  20   0   2  80
  0  16   0   2  35
   0 365  66  18  70
   0   6 124   7  10
   0  38  11 168  25
   0   2   0   1 105
  0  34   0   4  19
   0 379  23   5  18
   0  31  56   0   0
   0  50   2 142   7
   0  15   0   6 228
  0  17   0   7   6
   0 280 113   2   6
   0   7 132   0   0
   1  19   4  65   7
   0 129  10   1 263
  0  16   0   1   7
   0 235   0   3   6
   0 134 136   0   1
   0  42   0  54   4
   0  10   0   0 127
  0   0   0   0   0
   0 469  18   0 252
   0   0   0   0   0
   0   0   0   0   0
   0  12   0   0 270
 25  39   0  16   7
   3 609   1  18  27
   0   0   0   0   0
   2  41   8 112  14
   5   2   9  18 113
  0  25   0   1   6
   0 433   9   3  27
   0  90  89   0   3
   0  22   2 132   4
   0  37   0   3 133
  0   9   0  19   8
   0 245  22  26  13
   0  40 149   1   6
   0   4   3 176   3
   1  22  12  34 258
  0  12   0   3  23
   0 312  28  16  20
   0  43 208   1  15
   0  55   9 102   8
   0  10   9   7 168
  0  12   0   0  10
   0 442  14  11  40
   0  41  86   0   3
   0  14   2 144  32
   0  17   0   0 182
  1  16   0   2  18
   1 422  36   7  18
   0  14  59   0   1
   1  25   1 198  22
   1  15   0   0 161
  1  49   0   5   9
   0 357  64   3   7
   0   0  13   0   0
   0  26   5 132   4
   0  48   0  16 243
  0  15   0   0   3
   0 388   8   1  34
   0  64  35   0   5
   0  32  10 165   5
   0   9   0   0  63
  0  22   0  32   5
   0 491   1  54   8
   0  69   3   0   1
   0  24   2  96   2
   0  94   4  17 144
  0  56   0   6   6
   0 368  31   3   3
   0  11  57   0   0
   1  21   8 171   5
   0  44   1   5 272
  0   7   0   9  12
   1 329  47  23   7
   0  46 201   0   0
   0  11   2 112  11
   0  24   0   4 157
  5  20   0   5  37
   2 501   6   2  21
   0   1  48   0   0
   2  21   3  96  11
   1  48   2   7 180
  0  75   0   2  13
   0 332  23   4   9
   0  22  56   0   2
   0  64   4 107   7
   5  50   1  21 272
  0  22   3   0   5
   0 281 146   7  25
   0   0  94  11  21
   0  37   1  83   9
   0  28   7   0  59
  0   1   0   2  15
   3 212  36  21  11
   0  12  65   0   1
   2  19   2 135   7
   0  12   1  10 452
  0  14   0   0   9
   0 327   1   7  21
   0 128  43   0   1
   0  54   8  77  26
   0   1   0   0 163
  0  34   0   0   2
   0 476  45   0   8
   0  19 106   0   3
   0  67   6  66   7
   0   5   0   0 100
  0  26   0   0   6
   0 445   0   0   0
   0   1   0   0   0
   0  45   1 120  21
   0  49   0   1 272
  0  42   6   0   8
   0 397  31   1  21
   0 100 139   0  21
   0  35   1  76   3
   0  53   1   0 114
  0   5   0   0   1
   0 418   2   7  43
   0  75  13   1   4
   0 100  13  93  11
   0   7   0   2  44
  0   6   0   1   3
   0  70  79   2  10
   0  10 322  43  14
   0  12   1  92   0
   0  20   4   0 167
  0  21   0   7   5
   0 497  10   2   5
   0  18  38   0   3
   0  72   9  60   5
   0  55  12   7 223
  0   5   0   1   7
   0 272   9  23 393
   0  13  36   3  39
   0   2   0   6   4
   1   6   0   0 139
  0   7   0   0   5
   0 176   2   3  73
   0  70   4   0  46
   0  25   1  42   4
   0  52   0   0 391
  0  51   0   0   4
   0 330  86   0   9
   0   0  42   0   0
   0  71   0  38  35
   0  99   0   0 284
  1  32   1   0  21
   0 333  18   0  17
   0  43 104   0   4
   1  26   1 105  17
   0   6   0   0 264
  0  51   0   3  10
   0 550  17   1  18
   0   4  23   0   0
   0  55   0  36   1
   0  51   0  10 239
  0   5   0   0  10
   0 459   1   5  74
   0  78 113   0  12
   0 135   9  87  31
   0   0   0   0  50
