  0  17   0   0   1
   0 122  53   1   1
   0   6 308   0   1
   0  20   3  65   4
   0  29   1   1 242
  0  38   0   0   9
   0 301   1   1  27
   0  71  92   0   5
   0  23   6  35  14
   0  67   0   0 274
  0  12   0   0   6
   0 360   2   1  96
   0  39   0   0   1
   0  79   0  26  43
   0  30   3   0 221
  0   5   0   2   6
   0 442   0  18  13
   0  48  15   0   0
   0  13   3 160  10
   0  22   0   1 192
  0   8   5   0   2
   0 268  60   5  29
   0   8 187   6  12
   0  27   1  46   7
   0  29   1   0 258
  0  30   0   0   5
   0 266  14   4   5
   0  33 272   1   1
   0  23   2  60   1
   0  21   0   1 310
  0  14   0   0   3
   0 254  54   1  24
   0  31 284   1   6
   0  26  16  26   3
   0  32   4   0 210
  1  28   0   5  14
   0 441  67   6  15
   0   6  33   0   0
   0  14   0 136   8
   1  13   0   9 287
  1  11   0  10   2
   0 463   0  41  14
   0   0   0   0   0
   2  39   6 138   8
   1 113   4  15 218
  0   3   0   5   3
   0 414   2  49  26
   0  59  98   1   5
   0   9   0 144  15
   0  17   0   5 229
  0  40   6   5  25
   0 209 148   9  36
   0   4 122  13   8
   0  25  13  50  22
   0  58   5  22 266
  0  10   0   2  39
   1 244   2   6  72
   0  27  31   0   0
   0   9   0  37  22
   0   1   0   9 447
  0  32   0   0  10
   0 390 101  10   7
   0  17  82   0   0
   0  58  10  21   2
   0  66   1   0 277
  0   7   0   0  40
   1 396   3   1  56
   0  78  63   0   4
   0   8   2  78  14
   0   6   0   0 327
  0  28   0   0  10
   0 277   1   0  20
   0 165  64   0   7
   1  15   1 104  10
   0  60   2   0 321
  0   2   0   2   7
   0  89   1   7   5
   0  24  33   2   0
   0   0   0  17   1
   0   5   2   0 163
  0  13   0   4   7
   0 159  93  13  33
   0   8  37   1   2
   0  31   5 117   6
   0  12   0   3 385
  0  37   0   1   0
   0 339  10   1  26
   0  43  51   0   8
   0  43   1  54   0
   0  75   0   2 275
  0  40   0   2   8
   0 387  37   4   5
   0   9  70   0   0
   0  71   1  95   8
   0  47   0   0 140
  0  13   0   1   5
   0 375  82   8  65
   0   5 162   1  12
   0  22   6  61   7
   0   5   0   0 108
  0  14   0   1   3
   0 288  39   9   1
   0  51 142   9   4
   0  74   0 132   6
   0  39   0   0 147
  0   7   0   0   1
   0 227  44   0  17
   0  37 206   6  10
   0  34   7  31   4
   0  58   0   0 180
  0  13   0   0   6
   0 478  59   4   6
   0   6  47   0   0
   0  91  15  85   4
   0  14   0   0 112
  1  21   0   2   2
   0 329   8   8   3
   0  24 147   0   0
   0  41   8 141   1
   0  10   0   1 201
  0  57   0  11  10
   0 281  29   8  19
   0  19  69   0   1
   0  45   0  40   4
   0  33   0   3 281
  0  38   0   0  26
   0 329   2   0  33
   0  24  10   0   1
   0  26   0  35   5
   0  11   0   0 302
  0  28   0   0   5
   0 295   2   2  20
   0  78  73   0   4
   0  39   4  89  15
   0  25   0   4 276
  0  97   0   1   0
   0 360   7   3   3
   0  35  47   0   0
   0  65  13  42   2
   0 129   9   8 251
  0   7   0   0   7
   0 166   2   0  23
   0 371   3  23  11
   0  23   1  11   5
   0  73   0   0 353
  0   6   0   2   5
   0 344  19   7  19
   0  32 138   1   5
   0   4   1  96  22
   0   7   0   0 373
  0   2   0   0   8
   0 313   8   1 134
   0  40  60   1   2
   0  19   5  10  12
   0  27   0   0 437
  0  26   0  12  18
   0 489   0  15  27
   0  28   0   0   0
   0  30   1 131  18
   0  11   0   8 175
  0  18   4   2   9
   0 298  43  79  46
   1 114  16  12  17
   0  35   9   9  34
   0 166  48  17 107
  0  10   0   4  29
   0 130  39  33  96
   0  14 203  38  37
   0  32   4  59  36
   0   9   0   1 312
  0  11   0   0   9
   0 329   7   0  24
   0  74  10   0   2
   0  52   4  31   3
   0  12   1   0 178
  0   9   0   2   4
   0 538  37  11  19
   0  17  48   0   4
   0  40  16 141  10
   0   8   0   1  54
  0   3   0   0   1
   0 355   5   7   3
   0 104 108   1   5
   0  36   2  75   1
   0  23   0   0 219
  1  24   0   1   3
   0 389  52   1  45
   0   7 128   0  17
   0  71   6  23   3
   1  25   0   1  41
  1  30   0   3  38
   0 178  23   2  18
   0  66 221   1   5
   0  10   2  83   1
   0  19   2   0 381
  0   8   1   0  28
   0 196  47   4 372
   0   5   5   0  28
   0  12   1   0   9
   0  11   1   0 231
  0  20   0   0  21
   0 308   3   3  42
   0 135  33   0   3
   0  15   0  63  19
   0  12   1   0 367
  0  20   0  14   6
   0 442  10  16   3
   0  28 124   1   0
   0  17   6 163   2
   0  33   0  13 121
  0  33   0   0   4
   0 336  17   3   5
   0  42 126   0   1
   0 106   9  39   6
   0  41   0   4 312
  0   7   0   3   5
   0 321  19  29  17
   0  24  76   0   1
   0   1   0  22   0
   0 147   3   0 341
  0   4   0   0   2
   0 153  98   3  37
   0  52 210   0  26
   0  30   1  36  12
   0 118   0   0 304
  0  15   0   7   0
   0 407  14   1  17
   0  84 117   0   2
   0  69   0 117  13
   0  15   0   7 131
  0   4   0  17   8
   0 310  43  10  15
   0   1 169   0   3
   0  23   3 177  17
   0   3   0   1 280
  0  25   0   3  24
   0 421  43   5  11
   0   3 121   0   0
   1  26   6 125   4
   0  53   5   6 202
  0  11   0  11   2
   0 576   0  11   5
   0  41   3   0   2
   0   3   0  95   1
   0  64   7  58 196
  1   4   0   3   6
  12 410  61  36   8
   0   7  28   0   0
   0   2   0  32   0
   2  59   0   1 287
