  0  12   0   0   4
   0 375  91  10   4
   0  28 143   0   2
   0  49   7  32   1
   0  26   1   3 200
  0  26   0   1   5
   0 457  11  15  23
   0  23  79   0   9
   0  56   3  57   9
   0  78   0   1 231
  0  32   0   0   6
   0 327  39   1   4
   0  20 131   0   2
   0 113   1  63  18
   0  22   0   0 132
  0  37   0   5  13
   0 608   4   8  19
   0   2   0   0   0
   0  61   1  46  38
   0  35   0   0 108
  0  15   0   4   8
   0 179  44  20  25
   0  15 184   0   3
   0  35  15  81   1
   0   9   0  11 154
  2  68   0   6  23
   0 259   4  10   4
   0  16 136   0   1
   0  44   2  83   2
   0  35   1  60 203
  0   9   0   2   4
   0 327  33   2   5
   0   7  73   0   1
   0  24   1 112   7
   0  24   0  12 166
  0  22   0   0   3
   0 334  88   0   5
   0  16 207   0   4
   0  85  36  60   0
   0  27   0   0  72
  0   8   0   0  16
   0 413  16   1  14
   0  56  96   1   6
   0  90  18  45  39
   0   6   1   0 243
  2  48   0   7  10
   1 198   0   7   2
   0 197   1   0   1
   0  10   4  49   5
   7  87   5  12 366
  0   5   0   0   7
   2 372  15  24  33
   0  55 112   1   1
   0  42  12 108   0
   0   0   0   0  50
  1  13   0   0  14
   0 363  48   2  14
   0  64 191   0   4
   0  39   5 120  13
   2  28   3   2  93
  1   2   0   9  24
   2 396   6  26  78
   0  60  76   0   4
   1  10   0 179  41
   0   1   0   4 129
  0  23   0  13  30
   0 389   9  15  28
   0  29  15   0   0
   0  35   0  86  16
   0   1   0   0 334
  0  13   0   3  11
   2 612   6  10  27
   0  19  17   0   0
   1  45  27  81   3
   1   4   0   2 185
  0  34   0  11  11
   0 489  13   4  32
   0   6  10   0   0
   0  52   7  90  23
   0  29   5  15 238
  0  36   0   0  75
   0 223   1   0 120
   0  89  27   0   1
   0  13   1  72  11
   0  31   0   0 353
  1  14   0  11  21
   0 449   2  22  24
   0  96  22   0   0
   0  32   6  82   5
   0  51   1   3 177
  3  31   0   4   6
   1 332   9   8  37
   0  16 116   0   1
   0  31   6  64   9
   2  12   0   0 351
  0  37   0   4  78
   0 252  16   1  75
   0  43  58   4  29
   0  27   2  95  78
   0  13  12   9 220
  0  11   0   2   7
   1 437   3  34  91
   0   9  94   0   1
   0  14   0  61   0
   0 130   2   1  61
  0   1   1   0   4
   0 285  20  12  30
   0  24 144   1   5
   0   5   0 228  19
   0   0   1  17 162
  0  68   1  51  22
   0 398  43  17   2
   0  17  84   0   0
   0   7   0 169   1
   2  37   5  29 114
  0  12   0   3  19
   0 476   7   9  34
   0  90  71   0   1
   3  76   8  97  44
   0   0   0   2 114
  1   7   0  12  17
   0 354   0   9  18
   0  74   5   0   1
   2  50   0 149  23
   0  10   0   5 102
  0  11   0   0   3
   0 325  54   1  17
   0  24 158   1   0
   0  57  13 119   2
   0   6   0   1 205
  0  34   0   0   7
   0 250  50   0  14
   0  56 208   0  14
   0  51   6  57  10
   0  40   0   0 192
  1   8   0   0  31
   0 267  13   4  37
   0  52 201   0  15
   0  46   8  71  11
   0   6   1   1 126
  0  19   7   0   5
   0 150 134   0  15
   0   5 171 129  16
   0  86   8  93   2
   0  28   7   7 137
  0  26   0   0   4
   0 643   4   1  30
   0   0   0   0   0
   0 134  18  50  28
   0  30   0   0  71
  0   9   0   0   3
   0 389 113   1  10
   0   5 108   0   0
   0  93   6 111   4
   0  48   2   0 117
  2   4   0  23  19
   0 387   7   1  14
   0  44  87   0   2
   0  35   6  88   8
   1  60   3  13 265
  0  10   0   2  16
   0 423  40   0   9
   0   1 100   0   0
   1  71   5 136   5
   0   2   0   0 248
  0   3   0   0  38
   0 370   0   7  60
   0  82  98   0  20
   0  36   2 153  24
   0   1   0   0 175
  6  54   0   8  17
   1 421  38   6  14
   0   5  72   0   1
   0  31   8 101   7
   0  20   2   0 257
  0  46   0   3   1
   0 227  14   0   7
   0  32 171   0   1
   0  91   4  81   5
   0  62   1   2  40
  0  12   0   0   3
   0 454  17   1  16
   0  15 106   0   3
   0  47  17 161  24
   0  18   0   4 121
  0  17   0   2   1
   0 443 177   9   2
   0   0   8   0   0
   1  26   1 183   5
   1  21   0  19  43
  0  28   0   5   2
   0 465  42   1   3
   0   0   3   0   0
   0  30   0 134   5
   2  48   0  27 224
  1  14   0   7  18
   0 226  78  11  25
   0   9 178   3   7
   0  28   0 122   4
   0   8   0   0 190
  0  55   0   2   3
   0 292  93   1  12
   0   6 233   0  13
   0  48   3  93   3
   0  69   1   4  88
  0   3   0   2   2
   0 389   4  13  40
   0  94  40   4  14
   0  64  14  66  32
   0  15   0  64 193
  0 135   0   0  13
   0 355  33   0  37
   0   0   0   0   0
   0 129  10  33  16
   0 113   0   1 194
  0   6   0   0   5
   0 400  16   3  23
   0  24  92   0   0
   0  99  15  91  19
   0  13   0   3 215
  0  39   0   0  10
   0 387  19   0   0
   0  14 127   0   0
   0  61   1 116   2
   0  24   0   0 184
  1   3   0   1  28
   2 360   1   3  27
   0  24 172   0   2
   1  22   4 128  27
   1   6   0   0 146
  0  10   0   8  79
   0 234  87  12  64
   0  11 233  23  27
   0  72   4  72  14
   0   2   1   0 114
  0   1   0   1   8
   0 265   8  12  31
   0 169 185   0  13
   0  10   0 115   9
   0   0   0   0  96
  0  50   0  20   0
   0 481   2  12   1
   0  12   3   0   0
   0  33   7 125   3
   1  59   1  56  93
  0  25   0  12   6
   0 394 147   3  18
   0   0  59   0   1
   0  27   0 165  20
   0   3   0   3 186
