  0  35   0   0  20
   0 311  59   0  19
   0  10 156   0   1
   0   5   4  63   2
   0  57   2   0 309
  0   0   0   0   1
   0 331  14   3  39
   0 109  77   2   3
   0   9   5  54   6
   0  37   1   0 362
  0   4   0   1  14
   0 364   3   6  27
   0  46  16   0   0
   0  43   0  47   0
   0  67   0   1 412
  0   8   0   3  10
   0 404  72  14  49
   0 137 128   2   6
   0  27  13  77  10
   0   9   0   3  81
  0  43   0   1  70
   0 213   4   1  94
   0  63  59   0   4
   0   4   0  10  30
   0   8   0   0 415
  0  19   0   1   5
   0 499   0  27  11
   0  44   0   0   0
   0  18   1  33   8
   0  43   0   0 344
  0  55   0   0  23
   0 354  14   6  24
   0  85 262   0  21
   0  43   0  51  17
   0  25   0   0  69
  0   0   0   0   0
   0 337 119 123  34
   0   0   0   0   0
   0   0   0   0   0
   0  47   0   0 239
  0  15   1   0   1
   0 287  29   0  14
   0  70 248   0   1
   0  21   3  88   2
   0  23   1   2 213
  0   6   0   0   2
   0 213  37   7  93
   0  23 159   1  10
   0  41  12  89   9
   0  33  22   3 199
  0  61   0   4  10
   0 419   2   3   4
   0   8   0   0   0
   1  25   5  86   0
   5 123   3  12 308
  0  10   0   1  11
   0 379  33  11   9
   0  13  49   0   0
   0  11   0 192  10
   0   9   1   0 314
  0   2   0   1   2
   0 358  24  13  45
   0  26 139   2   2
   0  22   2 111  11
   0  26   3   1 199
  0  12   0   1  13
   0 379   9   6 102
   0  23   8   0   8
   0  32   0  59  52
   0   4   0   2 299
  0  22   0  13   5
   0 422  41   5  20
   0  19  76   0   1
   0  34   1 113   8
   0  60  22  13 178
  0   3   0   0   6
   0 469  51   1   7
   0  33 120   0   2
   0  64  24  92  26
   0   5   0   0 148
  0  22   0   0   6
   0 223  31   6  11
   0  16 258   2   4
   0  60   2  27   2
   0  23   0   0 266
  0 104   0   0  25
   0 278  18   0  10
   0  67  27   0   1
   0 107   4  85  28
   0  71   2   0 226
  1  20   0   4   5
   0 228   5   9  11
   0 190  91   0   1
   0  44   5 153   2
   0   5   1   2 150
  0   1   0   0   1
   0 409  36  13  51
   0  44 162   2   2
   0  37   2 111  12
   0  39   0   4 127
  0  68   0   2  60
   0 432   5   8 156
   0   0   0   0   0
   0  15   0  23  19
   0  74   2   1 188
  0  19   0  13   2
   0 377  14  29  14
   0  33  31   0   0
   0  19   5 106   4
   4  29   3  23 234
  0  17   0   0   2
   0 374   4   2  18
   0  42  25   0   2
   0  27   4 126  11
   0  47   0   0 352
  0   0   0   0   0
   0 444 108 167  27
   0   0   0   0   0
   0   0   0   0   0
   0  40   0   0 267
  1  59   0   7  10
   0 424   7  10   2
   0  17   5   1   0
   0  27   5  75  10
   0 190  15   4 150
  0  15   1   4   1
   0 312  53   2   4
   0   3 125   0   1
   0  43   6 140   4
   0   9  13  49 174
  0   9   0   0   0
   0 338  61   2  20
   0 156 207   0  25
   0  31  28  48   4
   0  13   0   0  17
  0   2   0   0   0
   0 309 134  14  14
   0  39 299   1   2
   0  33   2  51   1
   0  64  14  21  53
  0  21   0   0   3
   0 394   2   0   7
   0  61   3   0   1
   0  51   1  44   6
   0  25   2   2  98
  0  11   0   0   2
   0 297  66  12   4
   0  28 157   6   0
   0   5  23  48   0
   0  28   0   0 302
  0  10   1   1   8
   0 168  13   3  71
   0  83 165   8  51
   0  15   6 149   3
   0  17   1   9 271
  3  13   0  21   3
  11 447   0  54  10
   0   0   0   0   1
   0  10   1  74   8
   7  24   1  27 184
  0  57   0   0   4
   0 407   7   0   5
   0  19   8   0   0
   0  93   1  79   6
   0  43   0   2 108
  0   0   0   0   0
   0 267  35  15 436
   0  10   2   0  10
   0   0   0   0   0
   0  15   1   4 104
  0  64   1   1  17
   0 358  65   0  24
   0   0   6   1   1
   0  70   9  38  13
   0 123  10   8 180
  0  48   0   3   1
   0 399   4  14   4
   0   8   0   0   0
   0  64   1 228   1
   0  36   0   2  86
  0  18   0   1   2
   0 432   3   5  21
   0 179  39   1   3
   0  39   2  72  15
   0  31   0   0 190
  1  14   0   5   7
   0 367  23 105  14
   0   4   1  27   0
   0  12   4  74   5
   0  88   1   8 293
  0  12   0   1   1
   0 199  39   1   4
   0  30 148   0   7
   0  37   1  75   9
   0  94   0   0 395
  0   5   0   1   3
   0 503 157   2  45
   0   9  99   0   2
   0  15   2  48   1
   0  11   0   0 150
  0   9   0   2   4
   0 293  64   3  10
   0   8 244   3   3
   0  15   0 100   2
   0   2   0   4 287
  1  77   0   8   2
   0 440  43   4   0
   0   0  53   0   0
   0  36   0  79   1
   1 130   0   5 171
  0  19   0  22   8
   1 402   0 121   3
   0  35   0   0   0
   0   8   0 159   1
   0  18   0  12 244
  1  13   0   0   0
   0 359   0   7   7
   0 254   0   1   2
   0  11   4  86   0
   0  97   0   0 211
  0  14   0   8   0
   0 533   0   9   3
   0   0   0   0   0
   0  12   0 105   3
   0  45   0  44 275
  0  44   1   2  12
   0 162  60   2  37
   0   7 177   3  20
   0  21   7 172   1
   0  24   4   5 290
  0   0   0   0   0
   0 449 153   4   9
   0   0   0   0   0
   0   0   0   0   0
   0 191   3  15 105
  0  15   1  33   3
   0 252   3  79  11
   0 104   1   0   0
   0  15   5  64  10
   1  35   0  19 162
  0  28   0   1  27
   0 343   0   9  39
   0 254   0   0  23
   3  52   3  33  22
   0  30   0   0 182
  0  82   1   3  12
   0 302  19   6  14
   0   9   6   0   0
   0  54  10  43   2
   0  79   0   0 409
