0.8422857142857143
0.7282157676348547
0.6605005440696409
0.8515789473684211
0.7914494264859229
0.86558627264061
0.782608695652174
0.8284132841328413
0.7550644567219152
0.816420664206642
0.5957642725598526
0.7914494264859229
0.7103321033210332
0.7970479704797048
0.7053406998158379
0.8388888888888889
0.751345532831001
0.7443064182194618
0.7489177489177489
0.7526652452025586
0.7393117831074035
0.7410817031070196
0.7680851063829788
0.8639240506329114
0.7373626373626374
0.8028503562945368
0.7643378519290928
0.6529850746268657
0.4939759036144578
0.879740980573543
0.7599629286376274
0.8038422649140546
0.3966789667896679
0.6482504604051565
0.7336010709504686
0.8143899895724713
0.7985232067510548
0.6936829558998808
0.7970479704797048
0.4504692387904067
0.737799043062201
0.8341511285574092
0.75
0.7480314960629921
0.647329650092081
0.7598425196850394
0.8634686346863468
0.801660516605166
0.8011049723756906
0.7904066736183525
