0.7967711301044634
0.7825261158594492
0.7982873453853473
0.6552706552706553
0.6840039254170756
0.8319088319088319
0.7016205910390848
0.6407119021134594
0.8204121687929342
0.6882168925964547
0.7534754402224282
0.8869895536562203
0.8159757330637007
0.7383548067393458
0.7492877492877493
0.7887725975261656
0.8070907194994786
0.5849952516619183
0.6720604099244876
0.768281101614435
0.610636277302944
0.7799791449426486
0.8328584995251662
0.6752136752136753
0.6427870461236507
0.7831074035453598
0.6360792492179353
0.6761633428300095
0.7475728155339806
0.8129423660262892
0.7150997150997151
0.7875417130144605
0.7175208581644815
0.41490545050055616
0.5884732052578362
0.7931034482758621
0.6961063627730294
0.6989553656220323
0.7758784425451092
0.7597340930674265
0.8774928774928775
0.7078972407231209
0.7644824311490979
0.6239316239316239
0.8686964795432921
0.7621313035204567
0.596340150699677
0.5891758917589176
0.5319351763584366
0.7231208372978116
