0.6974416017797553
0.6516192345436702
0.7279693486590039
0.6879293424926398
0.6889106967615309
0.8581856100104275
0.7526987242394504
0.6961063627730294
0.862298195631529
0.8796185935637664
0.8665358194308145
0.566150178784267
0.8096590909090909
0.7267987486965589
0.7459562321598477
0.7651966626936829
0.7359924026590693
0.821689259645464
0.7753058954393771
0.7788671023965141
0.5048439181916039
0.8185219831618334
0.6771130104463438
0.7511682242990654
0.7879440258342304
0.7941176470588235
0.610636277302944
0.7065527065527065
0.8641975308641975
0.668806161745828
0.8075506445672191
0.6955161626694474
0.6840039254170756
0.6919127086007703
0.8351324828263003
0.592880978865406
0.7324478178368121
0.7739791073124407
0.8233799237611181
0.8029197080291971
0.7659313725490197
0.6590909090909091
0.7320075757575758
0.6397400185701021
0.8007850834151129
0.7525987525987526
0.6595940959409594
0.7844488188976378
0.8075506445672191
0.8552845528455284
