0.7591093117408907
0.7601476014760148
0.716794731064764
0.7736040609137056
0.7447073474470735
0.7122002085505735
0.8380716934487021
0.7017726798748697
0.7455565949485501
0.6045142296368989
0.7651966626936829
0.7536800785083415
0.7445185891325071
0.8054740957966764
0.8372310570626754
0.7736202057998129
0.6410256410256411
0.7173699705593719
0.8334937439846006
0.5935422602089269
0.6809176225234619
0.8540145985401459
0.7169634489222118
0.7110694183864915
0.7282479141835518
0.8094282848545636
0.7148634984833164
0.7408231368186874
0.5407262021589794
0.7353224254090471
0.7114818449460255
0.775491113189897
0.8484565014031805
0.744621141253508
0.8016838166510758
0.6586294416243654
0.8263002944062807
0.7059436913451512
0.8105986261040236
0.7717976318622174
0.6928361138370952
0.6533713200379867
0.5444340505144996
0.779296875
0.8272357723577236
0.8415015641293013
0.6119962511715089
0.7161430119176598
0.7320125130344108
0.7521047708138447
