0.7924354243542435
0.7155090390104663
0.58004158004158
0.743778801843318
0.7844423617619494
0.7612095933263816
0.7361835245046924
0.6572295247724975
0.7970479704797048
0.8537956888472352
0.7737226277372263
0.700587084148728
0.7656982193064668
0.5481386392811296
0.6115859449192782
0.693491124260355
0.7609603340292276
0.7128157156220767
0.7899901864573111
0.6922357343311506
0.711340206185567
0.7238001958863859
0.80355472404116
0.7723258096172718
0.7878211227402474
0.7530981887511916
0.8133333333333334
0.8253189401373896
0.7596741344195519
0.7777777777777778
0.686623012160898
0.8119738072965388
0.7966101694915254
0.8145240431795878
0.7174929840972872
0.6162097735399285
0.8478900883218842
0.6931818181818182
0.7923728813559322
0.8480243161094225
0.6920877025738799
0.6769964243146603
0.7605140186915887
0.7797902764537655
0.47236704900938475
0.6803551609322974
0.661582459485224
0.8118712273641852
0.7932647333956969
0.6632366697848456
