  0   0   0   0   0
 187 214  47  13   9
   0   0   0   0   0
  21   1   1  45   0
 100  62  16  23 160
  0  11  10   0   0
   1 163 116  29   2
   0  12 213   8   4
   0   1  20  62   0
   0  63 207   0  97
  0  12   1   0   6
   0 365  37  17  10
   0  60 171   2   4
   2   7   9  69   4
   6  61  45   3 153
  2  61   0   0   7
   0 213  44   0   4
   0  29 268   0   4
   6  41  36  31  63
   4  43   1   0 162
112   0   0  16   0
 378   0   0 149   3
   2   0   0   0   0
  71   0   0  96   0
 102   0   0  36  54
 22   1   0  10   0
  84 102  10 131   1
   0   5  94  94   0
   3   0   0  70   0
 249   6  13  20  44
  0   1   2   0   1
   0  62 220   0  20
   0   9 275   0   5
   1  14   9  74  15
   0   2  32   5 272
  0   0   0   0   0
   0  42  13   0 432
   0   0   0   0   0
   0   0   0   0   0
   0   7   0   0 559
  0   0   1   0  11
   0   4  92   3  72
   0   0 289  65  73
   0   6  21  33  13
   0   0   0   0 370
  4   0   0   0   0
   1 379  16   0  11
   0  20  42   0   0
   6  12   1  20   0
  71  65   0   0 191
  7   2   0   0   1
   2  94  30   5   2
   0   5 211   0   1
   0   0   0  88   0
  28  15  79  36 413
 23  49   5   0   5
   3 251  52   0  11
   0   8  89   0   0
  25  40  15  11   8
  28  76  26   0 114
  0   2   0   0   1
  10 149  46  37  14
   0   6 114   2   1
   0   4   0  92   0
  21  53   4   2 498
 43   2   0   2   1
 105 215  12  29   7
   0  36  10   0   0
  88   3   0 176   4
  84   0  11   9 122
  1  11   6   1   0
   5  41 172  45   2
   0   0 253   1   2
   1   1   0  89   0
  35  36  61  50 238
 37   0   0   3   0
 196  47   4  88   1
   0  17  44  33   1
  14   0   0 189   0
  89   0   0   9  67
 49   1   0  39   2
  26  31   0 234   1
   0   6   0 121   0
   0   0   0  91   9
  53   1   0  84 305
 17  10   0   0   0
  10 179  98   0   5
   0   1 237   0   3
   5  14   1  67   0
 104   8  12   5 183
  9   1   0   0   3
  70 203   2   0   2
   0  99 107   0   4
  49   4   7 129   1
  46   1   1   1 160
 51  17   1   1   0
  43 364  47   1  18
   0   0  24   0   0
  16   5   7  33   4
  90  19   1   0 176
  4   2   0   0   8
  21  70   0   0 302
   0  28   0   0 218
   2   0   0   0 136
   0   1   0   0 137
 13   0   0  14   0
 108   0   0 480   3
   0   0   0   2   0
   4   0   0 193   0
  51   2   5  33 161
  4  15   0   0   1
   4 136 110   0   2
   0   0 160   0   1
   7  18   1   7   1
  63  81   3   0 439
 17   2   1   1   0
  72 152  55  16   1
   0  15 200   0   0
  23   3   0  88   2
  12   5  14   1 176
  0   3   0   0   0
   5 342  37   0  30
   0  28 206   0   7
   0  21   3  59   1
   2  29   4   0 152
  0   1   0   0   0
   2 424  75   0  71
   0   3 110   0   1
   0  39  59  17   1
   0  30   3   0 218
  0   0   0   0   0
   0 222 337  64  12
   0   0   0   0   0
   0   0   0   0   0
   1  55  22   0 340
 46   1   0   1   2
 567  15   0   0  14
   5  14   0   0   1
  60   2   4  83  24
  72  18   0   1 123
  0  13   0   1   2
   0 338 191   8   7
   0   1 132   0   0
   0   8   0  85   7
   6  10   0   0 244
  1   0   0   0   2
 138 196  92   0 153
   1  24  22   0  16
  70   6   7   0  15
   2   0   0   0  34
  1  13   0   0   4
   0  96 228   0  25
   0   1 223   0   1
   0  73  33  52   3
   1  16   9   2 305
  7   0   0   0   4
  98 411   1   5   6
   0 114  77   0   1
  47   6   2  59   4
  38  17   8   0  54
  3   3   0   0  31
   1 110  39   0 193
   0   2  14   0  50
   5  37  16   0  96
   1   0   0   0 418
  3   2   0   0   0
  13 309  27  22   8
   0  31 198   0   0
   0  20   8  90   0
   9  13   7   0  19
 14  14   0   3   4
 102 473   8  13  25
   0  25  21   0   1
  26  15   2 100   1
  52   9   0   3 108
  9  16   0   3   0
  57 245  79   0   4
   0   4 111   0   0
  30  10  33  41  19
  83  33   0   9 113
  0  49   0   0   3
   0 121 169   0   3
   0   2 351   0   4
   2  48  32  50   4
  24  74   5   1 112
 15   3   0  10   1
  46 263  20  62   1
   0  39 163   2   3
   5   1   1 144   1
  30  15  57  35 136
  8   2   0  12   0
   9 103  63 102   4
   0   0 148   0   1
  10   1   1 163   2
   6   0   4   6 142
 30   0   0   1   2
 129 335   1   0  13
   0   0   0   0   0
   5   1   6  51   7
 149   0   0   0 229
 10   1   0   0   2
   6 156 155   0   5
   0   2 180   0   0
  13  38  17   8  30
  10   0   0   0 183
  8  11   0   0   0
  43 336  51   5   2
   0  13 134   0   0
   4   0   5  43   0
 104 159   7   0 131
 52   3   0   5   4
 232 125  34  39  20
   0  36  55   3   1
  11   0   2  29   3
  84   6   4   1 307
 12  16   1   7   9
  18 188 182  28 106
   0   1  48   0   9
  12  32   4  59  23
  79  38  11   0 194
 23   3   0  21   0
 263  41   0 272  11
   0   0   0   0   0
   5   0   0 162   2
  27   7  15  19 148
 30   0   0   1   0
  39 231 154 119   8
   0   3  20   0   0
  10   0   0 186   2
  33   4   1   0 121
 45   5   0   0   7
 353 118   0   0  12
   6  67  24   0   4
 167   0   0  44   8
  71   1   0   0 152
  2   4   0   0   1
   0 183 197   7   9
   0   0 196   0   4
   0  36   9 128   1
   2  37   4   0 196
 10  14   3   6   4
  15 175 211   4  19
   0   0 104   0   3
   6  23  32  94  14
  51   9  11   0 278
  0   2   2   0   6
   0  45 140   0  34
   0   0  82   0   1
   0  31  25  24   2
   0   2   1   0 218
