  9   6   0   0   0
   2 160 213   9   3
   0   0 223   0   7
  13   9   2 121   1
  53  37   4   4 208
  0   1   1   1   0
  18 183  83  13  39
   0   2 237   0  22
   7  32  42  75   1
   8  54  26   1 205
 84   0   0   2   3
 271  23   0  54   9
  21  79   0  35   0
  13   0   0  80   3
 127   0   0   4 154
  9  19   0   0   0
  15 280  34   0  17
   0  20 174   0   5
  16  13  10  41   2
  29  51  73   6 271
  3  17   0   0   2
   0 184  91   0   2
   0  10 328   0   1
   3  66  21  74   0
  18  18   0   0 229
 31   9   0   2   2
  29 172 180  10  84
   0   1  90   0   5
  39  24   5 139   1
   7  14   2   1 112
 23  12   1   0   0
 107 235  11  18  17
   4  57 168   0   0
  37   2   0  51   6
 119  11   0   1  79
  5   7  16   4   3
   9 116 423   6  38
   0   0 127   0   8
   1   4  11  54   0
   5  10  38   4 100
 10   0   0   0   7
  21 333  59   0 148
   0   0 139   0  19
 129   3   2   2  92
   5   0   0   0 115
 22   2   0   1   0
  12 312  86  37   8
   0   9 167   0   1
   8  13   2 171   1
  15   1   0   1 198
 20   4   2   0   3
  12 199 162   2  13
   0   0 108   0   6
  28  25  15  52   3
  46   5   2   9 243
  1   9   0   0   2
  68 295 139   0  27
   0  17 101   0  13
  11  68  32   0  22
   2  69  12   0 134
  4  18   6  14  11
   2 233 130  38   6
   0   0  97   0   0
  26  19  22 100   9
   9  30  16  10 267
  0   0   0   0   0
   0   0 463   0 254
   0   0   0   0   0
   0   0   0   0   0
   0   0   0   0  62
  4  14   0   0   6
   4 128 165   0  57
   0   4 306  13  12
  11  15   4  18  51
  19  32   0   0 190
 58   0   0   5   0
 384  65   0  35  12
   0  45  11  49   0
   0   0   0  32   0
  28   2   5  41  73
 24   9   1   0   2
  12 378 102   0  13
   0   0  49   0   0
  84  87  35  48  12
   8   3   8   0  83
 28   0   0   1  24
 143 186 159   2  29
   0   2 142   0   3
  29  11  29 133  40
  21   0   0   0  87
  5  41   5   0   6
   4 196 205   3  17
   0   0  87   0   0
   6  27  13 152   3
   3  34   2   7 203
 20   5   0   3   2
  25 172 195   6   3
   6   0 133   0   0
  20   1   7  68   0
 169  44  27   1 162
  0  16   0   0   8
   1 114  79   2  48
   0   4 221   0  46
  12  33   5  49   1
   0   2   0   0 135
  0   0   0   0   0
   3  40  52   0 644
   0   0   0   0   0
   0   0   0   0   0
   0   0   0   0 282
 64   0   0  23   0
 179  82   0 380  17
   0   0   0   0   0
  21   0   0 150   6
  18   0  16  25  88
 31   0   0   1   0
 122 307  24   6  13
   0  71 109   0   2
   2  22   5 127   4
  92   6   0   2  73
 13   2   1  20   0
   3  77 153  68   5
   0   0 190   1   5
   3   0   1 182   0
  39   8  22  44 214
 16  13   2   7   0
   7 126 189  47   7
   0   4 251   0  12
  12   1   3 153   5
  41   9  17   4 123
  8  13   0   0   1
   2 313 164   2  26
   0   0 127   0   3
  10  11  19 144   8
  22  30   1   0 146
 28   7   0   2   0
  73 259  87  47  18
   0   4  69   0   1
  14   2   1 218  12
  53  10   0   4 110
 29  29   1   2   3
  47 277  84  20   3
   0   0  13   0   0
  20   8   0 134   5
  89  37   0   2 179
 16   1   0   0   1
  47 267  31   9  77
   0   8  91   0   5
   8   3   1 197   3
  16   2   0   0  54
 55   0   0   0   4
 354 177   3   0  20
   0  58  13   0   2
 119   0   0   4   1
  51   6   0   0 202
 41  20   0   7   0
  21 284  88  12   0
   0   1  67   0   0
   6   6   9 182   3
  45  29   4   5 239
 10   6   1  11   0
  15 258  62  70   2
   0  22 199  26   0
   6   0   0 125   5
  42  41  15   1  86
 28  26   0  12   1
  67 424  27   9   5
   0   0  49   0   0
  34   0   2  97   0
 107  34   7  16  74
 59   1   0  25   5
 103 101   1 157   6
   0  47  30   3   0
  50   4   1 123   4
 130   0   0  10 209
  5  12   3   0  10
   0  86 228   0 145
   0   0   3  24  99
   6  59  34  29   2
   1   3  11   0  79
 16   0   0   2   0
  60 105  25  90   3
   0   9  68   1   0
  15   0   0 150   0
 148   0   0  14 313
 10   6   0   0   7
  27 256  23   0  50
   0  19 148   0   5
  45  30  32  41  17
   5   1   0   0 158
  7  19   1   0   9
   0 346 145   0  38
   0   1 124   0   3
  17  61  53   8   7
   0   0   0   0 105
 31   0   0   0   1
 290 155   0   0   0
   0   1   0   0   0
  96  17   9  64   1
  74   9   0   1 238
  0  11  33   0  12
   0  58 347   0  45
   0   0 237   0  23
   2  26  37  47   3
   7  31  12   0 118
  5   0   0   0   1
 315  77   0   1  77
   0  88   1   0   4
 136   1   4  40  36
  10   0   0   0  43
  0   4   6   0   0
   0   3 151   4   3
   0   1 303  81   4
   0   3   3  99   0
  23  11  21   0 136
 30   3   0   0   0
 212 236  63   0   3
   0   2  54   0   3
  81   6  23  24  12
  67  10  21   0 199
 10   0   0   0   3
 176 121  11  23 366
   0   2  51   0  38
   7   0   0   4   1
  12   0   0   5 129
  0   6   0   0   6
   1 113  31   0 109
   0   0  68   0  52
   5  29   6  31   1
   2  13   0   0 428
  2  26   0  21   6
   0 172 199  25  29
   0   0  42   0   0
  15  52  20  39  18
  80  28   0  18 257
 33  14   1   0   7
   5 194 139   0  30
   0   0 147   0   4
  17  17   8 100   8
  59   5   2   0 204
 62   1   0   0   1
 265 243  66   0  12
   0   0  27   0   0
  91   0   0   0   1
 101   0   0   0 199
 10   0   0   0   5
 109 225  10   7 188
   0   0 195   0   8
  90  52  33  74  13
   1   0   0   0  49
