  9   7   1   1   0
   1  23 144   7   2
   0   0 313   1   1
   0   9   7  71   5
 120  19   4   3 127
  8  25   1   0  13
   7 260   6   1  56
   0  33 124   0  11
   4  16   9  20  29
   2  24   0   0 315
  1   0   0   0  17
  18  72  23   0 346
   0   0  32   0   8
  17  14   8   1 108
   3   2   2   0 247
  7   5   0   0   1
   8 342 102   0  21
   0  14  49   0   0
   3  11  15 155   2
   3  58   1   2 151
  1   5   7   0   2
   0 136 189   1  36
   0   0 210   0   3
   5  11  16  44   5
  31  12   8   0 237
 16  14   0   4   1
   8 171  39  67   4
   0   2 293  11   1
   0   8   7  69   2
  50   7   3   1 271
  1  13   0   0   3
   0  44 239   0  50
   0   0 316   0   6
   0  13  41  14   3
   0   1   7   0 238
 47   1   0   0   0
 277 210  36   0   6
   1  12  26   0   0
  54   3   1  86  14
 130   3   0   1 176
 18   0   0   5   1
 317   7   0 185   9
   0   0   0   0   0
  41   0   0 147   5
  69   4   5  14 259
 11   0   0   0   0
 121 274  25  33  38
   0   5 154   0   4
  18   9   2 137   2
  96   2   0   0 153
  5  22  40   0   9
   1  44 335   0  22
   0   0 142   0   5
   5  13  31  11  50
   5  35  47   0 264
 40   4   0   2   5
 127 137   8  15  38
   0  17  41   0   0
  24   2   0  30  12
  42   1   5  12 397
  2  25   5   0  10
   0 136 363   0   9
   0   0  99   0   0
   1  30  49  10   1
  10  16   4   0 314
 35   2   0   0  10
  51 303  43   0  60
   0   9 130   0   6
  12   8   5  64  13
  34   2   0   0 297
 36   2   0   0   0
  92 172  23   1  10
   4  77 148   1   6
   9   1   1 101  19
  86  13   6   5 273
  4   2   0   3   2
   5  60   8  28   1
   0   4  54   1   0
   1   0   0  16   1
   6   2   9   8 145
  5   8   4   1   6
   4  77 190   0  27
   0   0  46   0   2
  13  22  21  98   5
   4   8   0   6 382
  0  11   7   0  20
   0 105 114   0 157
   0   0  82   0  20
   0  40  27  31   0
   0  46  16   0 290
  4  36   2   0   8
   0 226 195   0  12
   0   0  79   0   0
   1 103  57  13   1
   3  49   3   0 132
  6   8   3   1   1
   5 152 304  13  56
   0   0 170   0  10
   2   4  21  62   7
  11   4   2   0  96
  1  14   0   0   3
   0 152 178   0   7
   0   3 203   0   0
  14  48  21 127   2
  19  20   6   0 141
  0   0   0   0   8
   0  22 119   0 147
   0   0 241   0  18
   1  24  29   4  18
   0   2   0   0 236
  6  10   0   1   2
   7 264 116 152   8
   0   1  50   2   0
   4   1   0 188   2
  12   5   2   1 106
 13   8   0   2   3
   6 223  71  43   5
   0   0 169   0   2
  10   6   7 168   0
   8   0   1   1 202
 57  14   0   0   7
  35 207  77   0  18
   0   0  88   0   1
  69   4   0  14   2
  43   8   0   0 266
  8  18   1   0  37
   3 220  41   0 100
   0   6  27   0   2
   1  16   2  39   8
   3   2   1   0 307
 23   0   0   9   1
 105 157  11  28  18
   0  19 132   0   4
  23   0   1 110  13
  99   1   1   8 196
 22  47   0  28   1
   5 134  24 207   3
   0  19  59   4   0
   1  29  13  78   1
  46 177  32   2 140
  0   0   0   0  14
   0 120  25   0  46
   0 289  96   0  23
   0  14  20   0   6
   0   0   0   0 426
  6   6   0   0   1
   4 161 152   5  67
   0   0 167   0   9
   1   1   3  84  34
   5   4   0   0 371
  4   0   0   0   6
  35 200  43   0 178
   0   5  96   0   2
   2   5   3  13  23
   8   0   0   0 456
 39   6   0   6   5
 212 168   0 137  14
   0  28   0   0   0
  15  24   5 132   4
  86   2   0   0 106
 18   4   3   1   7
 162 167  52  29  56
   9  80  44   6  21
  34   7   4   2  40
  46 106  67   7 112
  1   9  18   5  10
   6  63 102  35  92
   0   0 244   0  48
   1  15  18  55  42
  13  30   7   2 270
 12   2   0   0   6
  24 259  51   0  26
   0   9  75   0   2
  31  20  16  23   0
  21   0   0   0 170
  9   2   0   1   3
  21 374 162   7  41
   0   0  64   0   5
  23  13  13 149   9
   9   1   0   0  53
  2   2   0   0   0
  13 323  31   0   3
   0  64 149   0   5
  60   4   7  36   7
  26   5   0   0 211
 19   8   1   0   1
  41 203 151   0  92
   0   0 126   0  26
   5  50  43   1   4
  30   7   1   0  30
 31  24  11   0   6
   3  92 109   6  11
   0   5 284   0   4
   0   3   4  87   2
  41  12   8   1 340
  0   0   4   0  33
   0   3  89   0 527
   0   0   3   0  35
   0   0  12   0  10
   0   0   2   0 241
 10  16   3   0  12
   5 169 136   0  46
   0   9 158   0   4
  11  34  27  15  10
   5  20   5   0 350
 27   9   0   3   1
  86 328  23  31   3
   0  14 139   0   0
  10   1   0 176   1
  79  13   2   4  69
 28   5   0   0   4
 105 198  49   0   9
   0  21 147   0   1
  82  39   8  25   6
  72   5   0   2 278
  6   5   0   4   0
  17 191 131  33  14
   0   2  98   0   1
   0   1   0  22   0
  52 127 113   1 198
  0   2   1   0   3
   0  10 161   0 120
   0   0 163   0 125
   1   5  32   0  41
   0   0   1   0 421
  1  15   0   1   5
   1 225 182   0  31
   0   1 200   0   2
   2 104  54  31   8
   0  13   2   3 135
 24   2   0   0   3
  26 229  89   0  34
   0   0 168   0   5
 119  43  23  21  14
  23   0   0   0 261
 49   0   0   3   0
  82 243  91  60   4
   0   0 124   0   0
   6   2   2 152   0
 105  29   6  12 114
  8   7   0   9   0
  24 498   8  59   3
   0  41   4   0   1
   2   0   0  96   1
  40  31  25  71 158
  8   1   0   2   3
  92 246  75  35  79
   0   0  32   0   3
   0   0   0  33   1
  21  36   4   0 288
