  1  11   2   0   2
   0 160 296   2  22
   0   1 167   0   5
   0  45  35   9   0
  10  45  12   0 163
 17  12   1   0   2
  22 292 143   6  43
   0   6  98   0   7
  24  47  22  27   5
  24  63   9   0 214
 29   6   0   0   3
  63 181 121   0   6
   0   2 149   0   2
 172   1   0   6  16
  47   0   1   0 106
 33   1   3   0  18
 219 361  32   3  24
   0   2   0   0   0
  55  18  19   7  47
   9   4   0   0 130
  6  16   2   2   1
   2 107 142   6  11
   0   0 199   0   3
   0  24  29  77   2
   2  10  24   5 133
 41  14   0  40   4
   9 160  28  78   2
   0   0 152   0   1
   2   4   0 124   1
  34   6   0 104 155
 10   1   0   4   0
  15 220 108  22   2
   0   0  80   0   1
   2   7   6 127   2
  83  11   7  24  77
 12  13   0   0   0
   0  85 324   0  18
   0   0 221   0   6
   1  44  81  55   0
  30  16   0   0  53
 20   0   0   0   4
  22 329  80   0  13
   0  10 144   0   5
  68  46  55   2  21
   7   4   2   0 237
 61   0   0   6   0
 102   2   0 102   2
   6  78   0 115   0
   6   1   0  59   2
 232  13  21  15 196
  9   2   0   1   0
  22 176 117 112  19
   0   6 162   0   1
   2   1  11 148   0
  12   0   0   1  37
 21   1   5   0   1
  21 224 173   0   9
   0   2 253   0   4
  17  12   8 134   6
  85   4   4   4  31
 18   5   0  12   1
  25 294  99  47  43
   0   0 136   0   4
  12   1   3 117  98
   9   0   1   6 118
 55   0   0   7   4
 225 192   0  12  12
   3  41   0   0   0
  85   0   0  52   0
  27   0   0   0 308
 19   2   0   6   0
 159 411  20  57  10
   0  10  26   0   0
  14   5  13 124   1
  34   3   0   5 150
 55   0   0   0   1
 218 239  72   0   9
   0   3  13   0   0
 127   2   5  34   4
  52   1   0   0 234
 30   3   0   0  78
  35  85  10   0 214
   0  10 104   0   3
   9   6   0  71  11
  72   0   0   3 309
 46   1   0   0   0
 125 309   8  29  26
   0  18  98   0   2
  36   2   0  86   1
 132   2   7   4  87
 36   0   0   4   4
  96 245  19  10  17
   0   1 131   0   1
  21  11   7  68   3
  40   3   0   0 322
105   0   0   0  14
 158 117  13   0  56
   2  32  89   0  11
  38   0   1  67  96
  51   1  39   4 159
  3  11   0   2   4
  81 221 150  10 104
   0   7  97   0   0
   0  25   5  45   0
  19  19   2   1 153
  0   0   2   4   0
   0  69 246  13  19
   0   0 171   0   3
   1   3   4 239   5
   1   0   2  24 153
 91  38   5   8   0
  13 251  81 115   0
   0   6  82  13   0
   2   3   1 171   0
  74  19   5  36  53
 26   1   0   1   6
 191 292  12   9  22
   0  63  97   0   2
 107   2   0  97  22
  20   0   0   0  96
 36   0   0   0   1
 292  76   0   0  13
   4  72   2   0   2
 195   0   0  19  10
  60   0   0   0  57
  5   8   0   0   1
   0 181 190   6  20
   0   0 183   0   0
   0  20   2 167   2
  22   2   0   2 186
  1  35   0   0   5
   0  33 206   0  75
   0   0 204   0  74
   0  46  34  29  15
   3  44   1   0 184
 31   1   0   0   8
  13 176  87   2  43
   0   5 250   0  13
  24  17   5  86   4
  28   0   2   0 104
  6   7  16   0   2
   1  25 250   1  22
   0   0 195 100  26
   3  78  28  75   5
  11  15  64   1  88
 15   0   0   0  15
 150 316   0   0 212
   0   0   0   0   0
  98  34  38   9  51
   6   2   0   0  93
  1  10   1   0   0
   0 142 331   0  40
   0   0 113   0   0
   3  78  40  92   1
   7  24  21   1 114
 32   0   0  16   0
 150 182  22  48   7
   0  18 110   1   4
  14   1  10 112   0
 167  14   5  23 133
 24   1   0   3   0
  16 294  79  73  10
   0   0 101   0   0
  17  16   7 176   2
  18   5   0   1 226
 20   0   0   0  21
  99 254   4  13  67
   0  17 135   0  48
  37  10   0 161   7
  16   0   0   0 160
 64  16   0   2   3
  45 315 101   8  11
   0   0  77   0   1
  22   1  12 111   1
  36  11   7   1 224
  0  34   1  14   1
   0 110 130   0   8
   0   1 201   0   2
   2  21  16 138   4
   7  55   6   5  32
 10   5   0   0   0
   9 372  89   0  18
   0   0 122   0   2
  31  42  34 136   6
  50   7   1   1  84
 11   7   0   2   0
  38 290 266  35   2
   0   0   8   0   0
  29   2   0 183   2
  39   9   2  14  20
  9  26   0   0   0
  20 352 123  14   2
   0   0   3   0   0
  19   5   0 145   0
 133  36   2  36  94
 25   4   0   7   4
  25 115 158  26  16
   0   0 192   0   5
  21   0   0 131   2
  27   8   7   1 155
 17  36   3   0   4
   0  86 238   0  74
   0   0 237   0  15
   1  42  22  78   4
   1  55  12   0  94
  4   2   0   1   0
  97 277  26   8  38
   0  88  49   0  15
  76  20  14   3  63
  22   4   0  22 224
109  16   0   0  23
  97 192  39   0  97
   0   0   0   0   0
 121  39  12   0  16
 103   5   0   0 200
  4   6   0   0   1
  36 286  96   7  17
   0   1 115   0   0
  37  30  14 135   8
   4   7   2   1 217
 29  18   1   0   1
  11 293  97   1   4
   0   0 141   0   0
  14  29   2 134   1
  24   4   4   0 176
 32   0   0   0   1
 152 191  22   3  25
   0   2 194   0   2
  37   3   0 127  15
  18   3   0   1 131
  8  14  21  16  38
   4  66 254   0  73
   0   0 217  55  22
   0  73  52  28   9
   0   1   2   0 114
  5   1   0   0   4
   2 163 113  10  28
   0  17 345   0   5
   0  28   5  98   3
   5   0   0   0  91
 28   9   0  33   0
  39 334   6 116   1
   0  11   4   0   0
  15   3   1 148   1
 110  13   2  48  37
 18  16   2   6   1
   4 173 326   0  59
   0   0  58   0   2
  32  27   8 141   4
  27   0   1   0 164
