  0   8   9   0  38
   0  40 259   0  90
   0   0 166   0   1
   1   6  15  41  11
   0  10  19   0 339
  0   0   0   0   1
   1 168 133   0  85
   0  13 178   0   0
   1   4  25   3  41
   1  20   4   0 375
 14   0   0   0   5
 111 254  13   0  22
   0  26  35   0   1
  90   0   0   0   0
  79   9   0   0 392
  0   3  14   0   4
   0  63 453   0  23
   0   4 265   0   4
   0   0 108  18   1
   0   4  19   0  70
 68   1   0   0  45
 218  35   8   0  51
   0  34  90   0   2
  26   2   0   1  15
  45   2   0   0 376
  9  16   0   0   0
  90 443   1   0   3
   0  44   0   0   0
  11  27   8   9   5
  26  68   8   0 285
 59  15   0   0   4
  64 174 144   0  16
   0   3 350   0  15
  61  21  10  16   3
  14  23   0   0  57
  0   0   0   0   0
  13 152 312 117  19
   0   0   0   0   0
   0   0   0   0   0
  26  38   9   0 213
  0   1  14   0   2
   0  58 244   0  28
   0   0 318   0   1
   3  13  26  41  31
   5   5  22   1 206
  0   0   2   0   6
   2  33 223   1  91
   0   0 183   0  10
   0   4 117  27   3
   0   0  65   0 192
 71   2   0   0   2
 135 229   2  59   3
   0   8   0   0   0
  26   0   0  91   0
 225   3  11  19 193
 17   4   0   0   1
  29 270 114  16   3
   0   1  61   0   0
  31  12   2 164   4
   5  12   3  19 285
  3   0   0   2   0
  21 220 176   2  21
   0   0 169   0   0
  17  26  21  75   7
   9  17  11   2 190
 11   2   0   1  12
  86 215  74   0 121
   0  10  21   0   8
  38   2   0   1 102
  16   1   0   0 288
 27   9   1   0   3
  33 318 115   4  18
   0   7  89   0   0
  60  21  16  52   7
  48  26  43   3 153
  3   3   0   0   3
   2 343 169   0  14
   1  12 139   0   3
   2  42  58  99   5
   7   6   0   0 140
  8  11   4   0   5
   2 103 149   0  17
   0   0 277   0   3
   0  33  50   5   3
  23  11   3   0 252
 12  63   5   0  49
   0 156  95   0  55
   0   9  80   0   6
  67  29  42   2  84
  11  19   3   0 266
 27   3   0   0   0
  93 129  19   9   3
   0 138 144   0   0
  41   3   7 151   2
  11   0   0   6 141
  1   0   0   0   1
  52 263 151   3  40
   0   5 203   0   2
  24   2   2 126   8
  44  16   0   0 110
 79  20   0   0  31
 171 281  21   0 128
   0   0   0   0   0
  12  11   0  27   7
  79  21   0   1 164
 34   0   0   0   0
 146 214  45  19  10
   0  15  49   0   0
  40   2   8  81   3
  81   4   4   3 201
 14   2   0   1   2
  60 244  48   5  41
   0   8  57   0   4
  11   7   1 146   3
  83   5   0   3 308
  0   0   0   0   0
  43 305 232 146  20
   0   0   0   0   0
   0   0   0   0   0
  21  16  51   0 219
 25  41   1  10   0
  20 300   1 121   1
   0   7   1  15   0
  11  11   6  74  15
  46 104 102   2 105
  0  11  10   0   0
   0 142 228   0   1
   0   0 129   0   0
   4  33  21 133   2
   0   7  47  31 160
  0   2   1   0   6
   0   0 203   0 218
   0   0  82   0 306
   0   0 107   0   4
   0   1   0   0  29
  0   1   1   0   0
   0  36 410   0  25
   0   0 334   0   7
   0  27  23  32   5
   0   4  88   0  60
 16   8   0   0   0
  37 323  13   2  28
   0  45  14   0   6
  50   4   0  14  34
   8   3   0   0 116
  0   6   4   0   3
   0 115 254   0  10
   0   1 188   0   2
   0   2  52  21   1
   0  24  20   0 286
  1   6   8   0   5
   2  74 114   0  65
   0  12 258   0  37
   0   2  23 141   7
   1   5  24   1 267
 13   0   0  27   0
  48  19   0 448   7
   0   0   0   0   1
   7   0   0  83   3
 133   2   0  24  84
 11  49   0   0   1
   2 348  59   5   5
   0   0  27   0   0
  30  19   0 124   6
  27  35   2   1  88
  0   0   0   0   0
  44  87  44  11 567
   0   3   4   0  15
   0   0   0   0   0
  11   4   3   0 106
  2  38  10   0  33
   0 146 164   0 137
   0   0   7   0   1
   7  65   3   0  55
  83  48   7   0 183
  6  28   0  16   2
   6 196  35 179   5
   0   4   4   0   0
   3  16   0 273   2
  26   7   0   7  84
  8  10   0   0   3
  10 306 120   0  25
   0  64 156   0   2
   4  63  23  22  16
  31  13   0   0 177
 22   1   0   2   2
 169  61   0 275   4
   0   0   0  32   0
  20   0   8  65   2
 214  40   2  15 119
  2  10   1   0   1
   0  89 139   0  15
   0   0 178   0   7
  86  18   1   0  17
  16  76   2   0 395
  1   4   1   1   2
   2 192 441   1  71
   0   0 108   0   2
   0  13  21  24   8
   0   4   1   0 156
  2   7   3   1   2
   1  98 259   1  11
   0   0 257   0   1
   2   5   9 100   1
   2   3   1   6 281
 54  15   0  19   0
  40 169  71 207   0
   0   0  52   1   0
  10   3   2 101   0
 233  17   4   7  46
 43   0   0   6   0
 108 293   0 124   2
   0  35   0   0   0
  19   0   0 149   0
  70   0   0   5 199
 14   0   0   0   0
 354   9   0   7   3
 204  51   0   2   0
   1   9  17  74   0
 194   5   0   0 109
 20   2   0   0   0
 274 270   0   1   0
   0   0   0   0   0
  20  13   3  82   2
 121  29   9  49 156
  7  32  10   1   9
  11  83 135   8  24
   0   0 203   0   4
   3   0   1 184  13
  22   9  17   5 270
  0   0   0   0   0
   0 233 350   0  32
   0   0   0   0   0
   0   0   0   0   0
   0  29  68   0 217
 40   2   0  10   0
 111 102   0 124   8
   0  65   0  40   0
  26   0   1  61   6
  96   8   9  11  93
 53   0   0   0   3
 372   8   0   0  11
 109 127   0   0  41
  78   3   5   8  19
  79   0   0   0 133
 19  58   4   1  16
   7 192  78  44  20
   0   1  14   0   0
   8  19   0  81   1
  53  31   0   1 403
