0.665129151291513
0.6660323501427212
0.35446985446985446
0.7142857142857143
0.7666354264292409
0.5672575599582899
0.5797705943691345
0.4064711830131446
0.5525830258302583
0.8153701968134958
0.64859228362878
0.5195694716242661
0.6569821930646673
0.07958921694480103
0.6134852801519468
0.2828402366863905
0.6075156576200418
0.538821328344247
0.6310107948969578
0.5191768007483629
0.6688144329896907
0.31537708129285014
0.3592142188961646
0.634936211972522
0.6431969552806851
0.6377502383222117
0.7028571428571428
0.6712463199214916
0.6435845213849287
0.7467144563918757
0.42188961646398504
0.7605238540692236
0.6759720837487537
0.6594700686947988
0.4883068288119738
0.24076281287246723
0.6398429833169774
0.696590909090909
0.625
0.49442755825734547
0.438512869399428
0.19785458879618595
0.6320093457943925
0.5176358436606292
0.3284671532846715
0.7103218645948945
0.4880838894184938
0.682092555331992
0.49672591206735267
0.5173058933582788
