0.4660734149054505
0.5250245338567223
0.7260536398467433
0.6633954857703631
0.25711481844946027
0.3461939520333681
0.6702649656526006
0.5707502374169041
0.6609686609686609
0.7580452920143027
0.7978410206084396
0.5816448152562574
0.8077651515151515
0.5901981230448383
0.5918173168411037
0.4576877234803337
0.4520417853751187
0.7122002085505735
0.6763070077864294
0.7058823529411765
0.2271259418729817
0.343311506080449
0.7084520417853751
0.7394859813084113
0.8170075349838536
0.7296015180265655
0.533713200379867
0.2535612535612536
0.7587844254510921
0.3247753530166881
0.6233885819521179
0.6339937434827946
0.534838076545633
0.7946084724005135
0.7026496565260059
0.5773081201334817
0.6015180265654649
0.6847103513770181
0.7166454891994918
0.6725755995828988
0.6580882352941176
0.6174242424242424
0.5378787878787878
0.46518105849582175
0.36702649656526004
0.6112266112266113
0.3533210332103321
0.6938976377952756
0.6086556169429097
0.6
