0.6205714285714286
0.754149377593361
0.38411316648531013
0.7410526315789474
0.6548488008342023
0.7816968541468065
0.6198179979777553
0.5027675276752768
0.39686924493554326
0.672509225092251
0.429097605893186
0.6725755995828988
0.5175276752767528
0.764760147601476
0.6721915285451197
0.775
0.6544671689989235
0.525879917184265
0.49134199134199136
0.5181236673773987
0.6506777893639207
0.5788262370540852
0.6531914893617021
0.8175105485232067
0.6945054945054945
0.7137767220902613
0.6444212721584984
0.4039179104477612
0.5949953660797034
0.7298797409805735
0.7126969416126042
0.4499494438827098
0.31642066420664205
0.5828729281767956
0.7215528781793842
0.6767466110531803
0.760548523206751
0.45172824791418353
0.7693726937269373
0.2575599582898853
0.6717703349282297
0.7252208047105005
0.6236162361623616
0.5068897637795275
0.5469613259668509
0.5826771653543307
0.6485239852398524
0.6291512915129152
0.7034990791896869
0.6329509906152242
