0.5060728744939271
0.5977859778597786
0.5170142700329309
0.5390862944162437
0.6500622665006227
0.6590198123044838
0.6353522867737948
0.44421272158498437
0.6847521047708138
0.3120706575073602
0.634088200238379
0.6506378802747792
0.6510962821734986
0.5933528836754643
0.6828811973807296
0.5378858746492049
0.5688509021842355
0.6143277723258096
0.7718960538979788
0.50997150997151
0.5411887382690302
0.6590198123044838
0.6073102155576382
0.5703564727954972
0.22646007151370678
0.724172517552658
0.45601617795753285
0.7196885428253615
0.3817468105986261
0.4167468719923003
0.4533856722276742
0.5322731524789522
0.7680074836295603
0.6828811973807296
0.7399438727782974
0.6104060913705583
0.7105004906771345
0.5338894681960376
0.591756624141315
0.6652314316469322
0.5024533856722276
0.5289648622981956
0.4686623012160898
0.7392578125
0.7855691056910569
0.7038581856100105
0.40581068416119964
0.7605633802816901
0.5745568300312826
0.5182413470533208
