0.5565052231718899
0.6875593542260209
0.6612749762131304
0.3950617283950617
0.5593719332679097
0.7084520417853751
0.6253574833174452
0.40600667408231367
0.6113837095191365
0.45359749739311783
0.541241890639481
0.7568850902184235
0.6643073811931244
0.5312190287413281
0.6068376068376068
0.6888677450047573
0.6725755995828988
0.49002849002849
0.6386192017259978
0.6676163342830009
0.5232668566001899
0.6037539103232534
0.7302943969610636
0.4976258309591643
0.4955839057899902
0.5881126173096975
0.11574556830031282
0.43874643874643876
0.6699029126213593
0.6167846309403437
0.7037037037037037
0.22135706340378197
0.7127532777115614
0.21913236929922136
0.3417593528816987
0.6262513904338154
0.6353276353276354
0.2535612535612536
0.630579297245964
0.4567901234567901
0.7008547008547008
0.4015223596574691
0.6495726495726496
0.1956315289648623
0.5023786869647955
0.7107516650808754
0.48439181916038754
0.3640836408364084
0.19256434699714015
0.6745956232159848
