  0   0   0   0   0
   0 410  18  19  23
   0   0   0   0   0
   0  22   5  40   1
   0 158   9  16 178
  0  12   0   3   6
   0 282  10  11   8
   0  96 139   0   2
   0  25   2  56   0
   0  95  59  26 187
  0  12   0   2   5
   0 416   2   4   7
   0 144  86   2   5
   0  12   2  74   3
   0  67   5  13 183
  0  60   0   2   8
   0 250   2   5   4
   0 124 174   0   3
   0  52   6 110   9
   0  44   0   2 164
  4  60   0  53  11
   0 467   1  52  10
   0   2   0   0   0
   0  27  11 125   4
   1  55   3  25 108
  0  15   0   5  13
   0 306  12   1   9
   0  15 177   1   0
   0   5   0  66   2
   0  37   4  19 272
  0   1   0   1   2
   0 235  21   7  39
   0 117 160   7   5
   0  13   3  89   8
   0  12   1  16 282
  0   0   0   0   0
   0 335 142   0  10
   0   0   0   0   0
   0   0   0   0   0
   0 147   0  18 401
  0   6   0   0   6
   0 124  23   0  24
   0  30 374  10  13
   0  18   1  44  10
   0   2   0   0 368
  0   0   0   0   4
   0 395   1   1  10
   0  36  26   0   0
   0   6   0  29   4
   0  38   0   1 288
  0   4   0   0   6
   0 115   3   2  13
   0  43 172   0   2
   0  15   1  72   0
   0   2   8  39 522
  0  75   1   0   6
   0 274  33   0  10
   0  32  65   0   0
   0  71   2  19   7
   0 121   6   3 114
  0   1   0   0   2
   0 216   3  20  17
   0  33  87   2   1
   0  13   0  83   0
   0 108   1   2 467
  1  29   0  14   4
   0 351   8   0   9
   0  38   7   1   0
   0  87   2 175   7
   2  36   8  17 163
  0  14   1   2   2
   0 149 101  13   2
   0   5 246   2   3
   0  10   2  77   2
   1  64   7  35 313
  3   7   0   4  26
   2 309   1   8  16
   0  25  67   2   1
   0  75   3 122   3
   2  20   2   3 138
  9  18   0  14  50
   5 259   2   9  17
   0 126   1   0   0
   1   4   0  87   8
   0   1   2  21 419
  0  22   0   2   3
   0 260  28   1   3
   0  33 198   8   2
   0  19   0  66   2
   1  41   2   4 264
  0   6   0   0   7
   0 270   0   2   5
   0 121  85   0   4
   0  33   7 148   2
   0  13   0   1 195
  0  60   0   3   7
   0 440  21   0  12
   0   2  22   0   0
   0  21   4  35   5
   0  69   0   0 217
  0   6   0   0   8
   0 328   0   3  62
   0 222   0   1  23
   0  19   0  11 108
   0   8   0   0 130
  3  15   0   8   1
   2 533   0  46  10
   0   2   0   0   0
   0  39   5 150   3
   3  28   7  23 191
  0  15   0   3   2
   0 195  51   4   2
   0   3 153   4   1
   0  11   0  20   3
   0 234   1   7 344
  1  14   0   2   4
   3 262   9   5  17
   0  84 130   0   1
   0  32   3  79   2
   0  33   4   2 169
  0   1   0   1   1
   0 365  10  15  24
   0  99 139   0   3
   0  15   0  68   1
   0  22   0   2 163
  0   0   0   0   1
   0 520   4   7  41
   0  63  49   0   2
   0  38   0  74   4
   0  59   0   0 192
  0   0   0   0   0
   0 382 183  60  10
   0   0   0   0   0
   0   0   0   0   0
   0 158   0   0 260
  4   4   0  11  31
   7 442   0  54  93
   0  19   0   0   1
   1  11   2 130  29
   0  41   1   1 171
  0  12   0   2   2
   0 504  31   2   7
   0  33 100   0   0
   0  31   0  64   5
   0  17   0   1 242
  0   1   0   0   2
   0 472  35   0  72
   0  55   8   0   0
   0  56   7   8  27
   0   1   0   0  35
  0  12   0   0   6
   0 293  31   1  24
   0  30 192   0   3
   0  61   0  89  11
   1  20   1   6 305
  0   5   0   0   6
   0 499   0   5  17
   0 168  22   1   1
   0  35   8  67   8
   1  33   2   1  80
  0   8   0   1  28
   0 237   0  20  86
   0  44   0   0  22
   0  26   0  45  83
   0   2   0   0 417
  0   4   0   1   0
   0 361   1  12   5
   0 147  82   0   0
   0  54   0  63   1
   0  17   0   1  30
  0   8   0   5  22
   0 558   1  22  40
   0  38   9   0   0
   0   5   0 116  23
   0   1   0   2 169
  0  27   1   0   0
   0 349  26   1   9
   0  30  84   0   1
   0  53  15  45  20
   0 174   0   9  55
  0  47   0   3   2
   0 261  30   0   2
   0  55 298   0   4
   0  55   7  70   4
   0  64   0   9 143
  0  11   0   6  12
   0 377   2   7   6
   0  77 127   0   3
   1  20   6 120   5
   0  21  29  33 190
  0   3   0  11   8
   0 216  38  22   5
   0   2 141   4   2
   3  23   1 141   9
   1   0   1   4 152
  1  22   0   2   8
   0 456   0   4  18
   0   0   0   0   0
   0  13   2  47   8
   0 102   0  12 264
  0  10   0   0   3
   0 215  95   7   5
   0   2 167  13   0
   0  43   4  56   3
   0   4   0   1 188
  0  17   0   1   1
   0 403  25   3   6
   0  36 103   8   0
   0  23   3  26   0
   0 232   0   6 163
  0  44   0   6  14
   0 365  30  23  32
   0  44  44   6   1
   0   6   1  35   3
   0  63   6   7 326
  0  35   0   6   4
   0 343  99   4  76
   0  12  39   0   7
   1  35   0  67  27
   0  82   0   0 240
  2  17   1  16  11
   5 510   1  50  21
   0   0   0   0   0
   1  18   0 148   2
   1  34  13  12 156
  0  22   0   2   7
   0 406  86  47  12
   0  10  13   0   0
   0  23   8 163   4
   3  10   1   1 144
  0  50   0   4   3
   0 474   3   0   6
   0  91   7   0   3
   0 112   6  91  10
   0  80   1   4 139
  0   6   0   0   1
   0 312  55  16  13
   0  23 169   1   7
   0  61   1 110   2
   0  33   0   1 205
  0  17   0   7  13
   0 341  52   6  25
   0   7  98   0   2
   0  30   7 120  12
   0  28   1   0 320
  0   9   0   0   1
   0 199   9   0  11
   0  11  71   0   1
   0  38   1  40   3
   0   4   0   0 217
