  0  13   0   1   1
   0 301  82   1   3
   0  25 198   0   7
   1  31   1 109   4
   0  29   1  25 251
  0   2   0   1   0
   1 283   8   5  39
   0  94 148   0  19
   0  53  14  86   4
   0  53   4   1 236
  0  18   0   6  65
   4 239   0  41  73
   0 134   0   0   1
   0  26   4  60   6
   0  23   0   5 257
  0  28   0   0   0
   0 329   1   2  14
   0  42 151   1   5
   0  32   5  41   4
   1 114  15  15 285
  0  20   0   0   2
   0 247  27   0   3
   0  25 313   0   1
   0 111   7  45   1
   0  33   0   0 232
  0  32   0   6   6
   0 377  32   3  63
   0   4  88   0   4
   1  54   2 145   6
   0  16   0   0 120
  0  31   0   0   5
   0 368   3   1  16
   0 113 116   0   0
   1  27   4  54  10
   0  43   0   1 166
  0  10   0   6  19
   0 353 112  34  93
   0   5  93   5  32
   1   5   2  58   4
   0   8   1   1 147
  0   2   0   0  15
   0 510   4   4  43
   0  47 107   0   4
   0  49   0 129  50
   0   1   0   0 119
  2  12   0   2   9
   0 417  14  10  14
   0  47 129   0   1
   0  30   4 150  11
   0   5   0   0 210
  0   9   0   3  17
   0 256  82  39  11
   0   0 107   1   6
   0  18   3  89  13
   0   9   0   5 291
  0  12   0   0   0
   0 497  28   0   4
   0  40  89   0   2
   0  93   7  33   0
   0 122   1   0  94
  0  26   0  25   2
   0 343  37  26   3
   0   5  92   0   0
   0  43   7 123   3
   0  50   4  20 258
  0   0   0   0   0
   0 382 291   2  42
   0   0   0   0   0
   0   0   0   0   0
   0  16   0   0  46
  0  12   0   0  12
   0 224  14  21  95
   0  90 159  55  31
   0  20   1  44  34
   0  20   0   0 221
  2  11   0   2  48
   3 419   0   0  74
   0 102   3   0   0
   0   3   0  29   0
   2   1   4  10 132
  0  18   1   0  17
   0 480  12   1  12
   0  21  28   0   0
   0 116   4 141   5
   0  20   0   2  80
  0  17   0   2  34
   0 363  67  18  71
   0   7 123   7  10
   0  38  11 168  25
   0   2   0   1 105
  0  35   0   4  18
   0 380  22   5  18
   0  32  55   0   0
   0  50   2 142   7
   0  15   0   6 228
  0  17   0   7   6
   0 280 113   2   6
   0   7 132   0   0
   2  18   4  65   7
   0 130  10   1 262
  0  16   0   1   7
   0 236   0   2   6
   0 135 135   0   1
   0  42   0  54   4
   0  10   0   0 127
  0   0   0   0   0
   0 470  18   0 251
   0   0   0   0   0
   0   0   0   0   0
   0  12   0   0 270
 25  39   0  16   7
   3 611   0  17  27
   0   0   0   0   0
   1  43   8 111  14
   5   2   9  18 113
  0  25   0   1   6
   0 433   8   3  28
   0  90  89   0   3
   0  22   2 132   4
   0  38   0   3 132
  0   9   0  19   8
   0 244  23  26  13
   0  38 150   2   6
   0   4   3 176   3
   1  22  12  34 258
  0  12   0   3  23
   0 312  28  16  20
   0  45 206   1  15
   0  55   9 102   8
   0  10   9   7 168
  0  12   0   0  10
   0 442  14  11  40
   0  43  84   0   3
   0  15   2 144  31
   0  17   0   0 182
  1  16   0   2  18
   1 423  36   6  18
   0  16  57   0   1
   1  25   1 198  22
   1  15   0   0 161
  1  49   0   5   9
   0 357  64   3   7
   0   0  13   0   0
   0  27   5 131   4
   0  48   0  16 243
  0  15   0   0   3
   0 388   8   1  34
   0  66  33   0   5
   0  32  10 165   5
   0   9   0   0  63
  0  23   0  33   3
   0 492   1  53   8
   0  69   3   0   1
   0  28   2  92   2
   0  95   4  17 143
  0  56   0   6   6
   0 367  32   3   3
   0  12  56   0   0
   1  21   8 171   5
   0  45   1   5 271
  0   7   0  10  11
   1 330  48  21   7
   0  46 201   0   0
   0  11   2 112  11
   0  25   0   4 156
  5  20   0   5  37
   2 501   6   2  21
   0   1  48   0   0
   2  22   3  96  10
   1  48   2   7 180
  0  75   0   2  13
   0 334  21   4   9
   0  23  55   0   2
   0  64   4 107   7
   5  50   1  21 272
  0  22   3   0   5
   0 281 146   7  25
   0   0  94  11  21
   0  37   1  83   9
   0  27   8   0  59
  0   1   0   2  15
   3 212  36  21  11
   0  12  65   0   1
   2  22   1 133   7
   0  12   1  10 452
  0  14   0   0   9
   0 329   1   6  20
   0 129  42   0   1
   0  55   8  76  26
   0   1   0   0 163
  0  34   0   0   2
   0 475  46   0   8
   0  19 106   0   3
   0  68   6  65   7
   0   5   0   0 100
  0  26   0   0   6
   0 445   0   0   0
   0   1   0   0   0
   0  46   1 120  20
   0  49   0   1 272
  0  42   6   0   8
   0 396  31   1  22
   0 102 138   0  20
   0  35   1  76   3
   0  54   1   0 113
  0   5   0   0   1
   0 419   2   7  42
   0  78  10   1   4
   0 100  13  93  11
   0   7   0   3  43
  0   6   0   1   3
   0  70  79   2  10
   0  10 322  43  14
   0  12   1  92   0
   0  20   4   0 167
  0  21   0   8   4
   0 497  10   2   5
   0  18  38   0   3
   0  72  11  58   5
   0  55  12   7 223
  0   5   0   1   7
   0 272   9  23 393
   0  13  36   3  39
   0   2   0   6   4
   1   6   0   0 139
  0   8   0   0   4
   0 176   2   3  73
   0  70   4   0  46
   0  25   1  42   4
   0  54   0   0 389
  0  51   0   0   4
   0 330  86   0   9
   0   0  42   0   0
   0  71   0  38  35
   0 100   0   0 283
  1  32   1   0  21
   0 334  17   0  17
   0  43 104   0   4
   1  26   1 105  17
   0   6   0   0 264
  0  51   0   3  10
   0 552  16   1  17
   0   4  23   0   0
   0  55   0  36   1
   0  53   0   9 238
  0   5   0   0  10
   0 459   1   5  74
   0  79 112   0  12
   0 137   9  86  30
   0   0   0   0  50
