  0  17   0   0   1
   0 120  55   1   1
   0   6 308   0   1
   0  22   3  63   4
   0  29   1   1 242
  0  38   0   0   9
   0 301   1   1  27
   0  73  90   0   5
   0  23   6  35  14
   0  67   0   0 274
  0  12   0   0   6
   0 361   2   0  96
   0  39   0   0   1
   0  79   0  27  42
   0  30   3   0 221
  0   5   0   2   6
   0 442   0  18  13
   0  48  15   0   0
   0  13   3 160  10
   0  22   0   1 192
  0   8   5   0   2
   0 267  61   5  29
   0   8 187   6  12
   0  27   1  46   7
   0  29   1   0 258
  0  30   0   0   5
   0 266  14   4   5
   0  33 272   1   1
   0  23   2  60   1
   0  21   0   1 310
  0  14   0   0   3
   0 255  53   1  24
   0  31 284   1   6
   0  26  16  26   3
   0  34   4   0 208
  1  28   0   5  14
   0 442  66   6  15
   0   6  33   0   0
   0  14   0 136   8
   1  13   0   9 287
  1  11   0  10   2
   0 463   0  41  14
   0   0   0   0   0
   2  39   6 138   8
   2 114   4  14 217
  0   3   0   5   3
   0 414   2  50  25
   0  60  97   1   5
   0   9   0 144  15
   0  17   0   5 229
  0  40   6   5  25
   0 209 148   9  36
   0   4 122  13   8
   0  26  13  49  22
   0  58   5  24 264
  0  10   0   2  39
   1 244   2   6  72
   0  27  31   0   0
   0  10   0  36  22
   0   1   0  11 445
  0  32   0   0  10
   0 392  99  10   7
   0  18  81   0   0
   0  58  10  21   2
   0  69   1   0 274
  0   7   0   0  40
   1 398   3   1  54
   0  78  63   0   4
   0   8   2  78  14
   0   6   0   0 327
  0  28   0   0  10
   0 277   1   0  20
   0 166  63   0   7
   1  16   1 103  10
   0  60   2   0 321
  0   2   0   2   7
   0  89   1   7   5
   0  23  34   2   0
   0   0   0  17   1
   0   5   2   0 163
  0  13   0   4   7
   0 158  93  14  33
   0   8  37   1   2
   0  31   5 117   6
   0  14   0   3 383
  0  37   0   1   0
   0 339  10   1  26
   0  43  51   0   8
   0  44   1  53   0
   0  74   0   2 276
  0  40   0   2   8
   0 388  36   4   5
   0   9  70   0   0
   0  73   1  94   7
   0  48   0   0 139
  0  13   0   1   5
   0 375  82   8  65
   0   5 161   1  13
   0  22   6  61   7
   0   5   0   0 108
  0  14   0   1   3
   0 288  39   9   1
   0  52 141   9   4
   0  74   1 132   5
   0  39   0   0 147
  0   7   0   0   1
   0 229  42   0  17
   0  37 206   6  10
   0  34   7  31   4
   0  59   0   0 179
  0  13   0   0   6
   0 479  58   4   6
   0   6  47   0   0
   0  91  15  85   4
   0  14   0   0 112
  1  21   0   2   2
   0 329   8   8   3
   0  24 147   0   0
   0  43  10 137   1
   0  10   0   1 201
  0  59   0  10   9
   0 281  29   8  19
   0  20  68   0   1
   0  46   0  39   4
   0  33   0   3 281
  0  38   0   0  26
   0 330   2   0  32
   0  24  10   0   1
   0  26   0  35   5
   0  11   0   0 302
  0  28   0   0   5
   0 296   2   2  19
   0  78  73   0   4
   0  39   4  89  15
   0  25   0   4 276
  0  97   0   1   0
   0 360   7   3   3
   0  35  47   0   0
   0  66  15  39   2
   0 130   9   8 250
  0   7   0   0   7
   0 167   2   0  22
   0 373   3  22  10
   0  23   1  11   5
   0  74   0   0 352
  0   6   0   2   5
   0 344  19   6  20
   0  33 137   1   5
   0   4   1  96  22
   0   7   0   0 373
  0   2   0   0   8
   0 318   8   1 129
   0  40  60   1   2
   0  19   5  10  12
   0  27   0   0 437
  0  27   0  12  17
   0 488   0  16  27
   0  28   0   0   0
   0  30   1 132  17
   0  11   0   8 175
  0  18   4   2   9
   0 298  43  79  46
   1 115  16  12  16
   0  37   9   8  33
   0 165  50  17 106
  0  10   0   4  29
   0 129  39  33  97
   0  14 203  39  36
   0  32   4  59  36
   0   9   0   2 311
  0  11   0   0   9
   0 329   7   0  24
   0  75   9   0   2
   0  52   4  31   3
   0  12   1   0 178
  0   9   0   2   4
   0 539  37  11  18
   0  17  48   0   4
   0  39  17 141  10
   0   8   0   1  54
  0   3   0   0   1
   0 355   5   8   2
   0 105 107   1   5
   0  38   2  73   1
   0  23   0   0 219
  1  24   0   1   3
   0 389  52   1  45
   0   7 128   0  17
   0  71   6  23   3
   2  24   0   1  41
  1  30   0   3  38
   0 178  23   2  18
   0  66 221   1   5
   0  10   2  83   1
   0  19   2   0 381
  0   8   1   0  28
   0 196  46   5 372
   0   6   5   0  27
   0  12   1   0   9
   0  11   1   0 231
  0  20   0   0  21
   0 308   3   3  42
   0 135  33   0   3
   0  15   0  63  19
   0  12   1   0 367
  0  21   0  13   6
   0 443  10  16   2
   0  28 124   1   0
   0  17   6 164   1
   0  33   0  13 121
  0  33   0   0   4
   0 337  16   3   5
   0  42 126   0   1
   0 106   8  40   6
   0  41   0   4 312
  0   7   0   3   5
   0 322  18  29  17
   0  24  76   0   1
   0   1   0  22   0
   0 152   3   0 336
  0   4   0   0   2
   0 156  95   3  37
   0  54 209   0  25
   0  30   1  36  12
   0 118   0   0 304
  0  15   0   7   0
   0 408  13   1  17
   0  83 118   0   2
   0  69   0 117  13
   0  15   0   7 131
  0   4   0  17   8
   0 309  45   9  15
   0   1 169   0   3
   0  24   3 176  17
   0   3   0   1 280
  0  26   0   3  23
   0 422  43   4  11
   0   3 121   0   0
   1  26   6 126   3
   0  55   5   6 200
  0  11   0  12   1
   0 576   0  11   5
   0  41   3   0   2
   0   3   0  95   1
   0  65   7  57 196
  0   1   0   1  12
   0 343  39  12 133
   0  11  22   0   2
   0   4   5  21   4
   0  55   0   0 294
