  0  12   0   0   4
   0 378  89   9   4
   0  28 143   0   2
   0  49   7  32   1
   0  26   1   4 199
  0  26   0   1   5
   0 459  11  14  22
   0  23  79   0   9
   0  58   3  55   9
   0  79   0   1 230
  0  32   0   0   6
   0 327  39   1   4
   0  20 131   0   2
   0 113   1  63  18
   0  23   0   0 131
  0  39   0   5  11
   0 609   4   8  18
   0   2   0   0   0
   0  62   2  46  36
   0  35   0   0 108
  0  15   0   4   8
   0 181  43  19  25
   0  15 184   0   3
   0  35  15  81   1
   0   9   0  12 153
  2  68   0   6  23
   0 261   4   8   4
   0  16 136   0   1
   0  44   2  83   2
   0  35   1  60 203
  0   9   0   2   4
   0 327  33   2   5
   0   7  73   0   1
   0  24   1 114   5
   0  24   0  13 165
  0  22   0   0   3
   0 334  88   0   5
   0  15 208   0   4
   0  85  38  58   0
   0  27   0   0  72
  0   8   0   0  16
   0 414  16   1  13
   0  58  94   1   6
   0  91  18  45  38
   0   7   1   0 242
  2  48   0   7  10
   1 198   0   7   2
   0 197   1   0   1
   0  10   4  49   5
   7  87   5  13 365
  0   5   0   0   7
   2 372  15  25  32
   0  55 112   1   1
   0  42  13 107   0
   0   0   0   0  50
  1  14   0   0  13
   0 363  48   2  14
   0  64 191   0   4
   1  39   5 119  13
   2  28   3   2  93
  1   2   0   9  24
   2 396   6  26  78
   0  61  75   0   4
   0  10   0 181  40
   0   1   0   4 129
  0  23   0  13  30
   0 389   9  15  28
   0  29  15   0   0
   0  35   0  86  16
   0   1   0   0 334
  1  13   0   3  10
   2 613   6  10  26
   0  20  16   0   0
   1  44  28  81   3
   1   4   0   2 185
  0  34   0  11  11
   0 490  13   3  32
   0   6  10   0   0
   0  54   7  88  23
   0  30   5  17 235
  0  36   0   0  75
   0 226   1   0 117
   0  90  26   0   1
   0  13   1  72  11
   0  32   0   0 352
  1  14   0  11  21
   0 448   2  22  25
   0  96  22   0   0
   0  34   6  80   5
   0  53   1   3 175
  3  31   0   4   6
   1 332   9   8  37
   0  16 116   0   1
   0  31   6  64   9
   3  12   0   0 350
  0  36   0   4  79
   0 251  17   1  75
   0  43  58   4  29
   0  27   2  93  80
   0  13  13  10 218
  0  12   0   1   7
   1 434  14  17 100
   0  12  89   2   1
   0  23   1  50   1
   0  59   1   1 133
  0   1   1   0   4
   0 284  21  12  30
   0  24 144   1   5
   0   5   0 228  19
   0   0   1  17 162
  0  68   1  51  22
   0 398  43  17   2
   0  17  84   0   0
   0   7   1 168   1
   2  38   5  29 113
  0  12   0   3  19
   0 476   7   9  34
   0  90  71   0   1
   3  77   8  96  44
   0   0   0   2 114
  1   7   0  12  17
   0 354   0   9  18
   0  76   3   0   1
   2  52   0 147  23
   0  11   0   6 100
  0  11   0   0   3
   0 325  54   1  17
   0  24 158   1   0
   0  57  13 119   2
   0   6   0   1 205
  0  34   0   0   7
   0 251  49   0  14
   0  53 211   0  14
   0  49   8  57  10
   0  41   0   0 191
  1   8   0   0  31
   0 267  13   4  37
   0  52 201   0  15
   0  46   8  71  11
   0   6   1   1 126
  0  19   7   0   5
   0 150 134   0  15
   0   5 171 129  16
   0  86   8  93   2
   0  28   7   7 137
  0  26   0   0   4
   0 643   4   1  30
   0   0   0   0   0
   0 136  20  49  25
   0  30   0   0  71
  0   9   0   0   3
   0 390 112   1  10
   0   5 108   0   0
   0  94   6 110   4
   0  49   2   0 116
  2   4   0  23  19
   0 388   6   1  14
   0  44  87   0   2
   0  35   7  87   8
   1  61   3  14 263
  0  10   0   2  16
   0 423  40   0   9
   0   1 100   0   0
   1  71   5 136   5
   0   2   0   0 248
  0   3   0   0  38
   0 369   0   7  61
   0  82  98   0  20
   0  36   2 153  24
   0   1   0   0 175
  7  52   0   8  18
   1 421  38   6  14
   0   6  71   0   1
   0  32   8 101   6
   0  20   2   0 257
  0  46   0   3   1
   0 227  14   0   7
   0  32 171   0   1
   0  93   4  79   5
   0  63   1   1  40
  0  12   0   0   3
   0 454  17   1  16
   0  15 106   0   3
   0  46  17 162  24
   0  20   0   4 119
  0  17   0   2   1
   0 442 177  10   2
   0   0   8   0   0
   1  27   1 182   5
   1  21   0  19  43
  0  28   0   5   2
   0 464  42   2   3
   0   0   3   0   0
   0  30   0 134   5
   3  47   0  28 223
  1  14   0   7  18
   0 227  79  10  24
   0   9 178   3   7
   0  28   0 122   4
   0   8   0   0 190
  0  55   0   2   3
   0 292  93   1  12
   0   6 233   0  13
   0  48   3  93   3
   0  69   1   4  88
  0   3   0   2   2
   0 390   4  14  38
   0  97  37   4  14
   0  67  13  63  33
   0  15   0  64 193
  0 134   1   0  13
   0 355  34   0  36
   0   0   0   0   0
   0 131  10  31  16
   0 114   0   1 193
  0   7   0   0   4
   0 400  16   3  23
   0  24  92   0   0
   0 101  16  87  20
   0  13   0   3 215
  0  39   0   0  10
   0 387  19   0   0
   0  14 127   0   0
   0  63   1 114   2
   0  24   0   0 184
  1   3   0   1  28
   2 360   1   3  27
   0  25 171   0   2
   1  22   4 128  27
   1   6   0   0 146
  0  10   0   8  79
   0 233  88  12  64
   0  11 233  23  27
   0  73   4  71  14
   0   2   1   0 114
  0   1   0   1   8
   0 265   8  13  30
   0 170 184   0  13
   0  10   0 115   9
   0   0   0   0  96
  0  50   0  20   0
   0 483   2  11   0
   0  12   3   0   0
   0  34   7 124   3
   2  58   1  56  93
  0  25   0  12   6
   0 394 147   3  18
   0   0  59   0   1
   0  28   0 164  20
   0   3   0   3 186
