  0  36   0   0  19
   0 311  59   0  19
   0  10 156   0   1
   0   5   4  63   2
   0  58   2   0 308
  0   0   0   0   1
   0 331  13   3  40
   0 109  77   1   4
   0   9   5  54   6
   0  37   1   0 362
  0   5   0   1  13
   0 365   3   6  26
   0  46  16   0   0
   0  44   0  46   0
   0  67   0   1 412
  0   8   0   3  10
   0 406  71  14  48
   0 135 129   2   7
   0  27  13  77  10
   0   9   0   3  81
  0  45   0   0  69
   0 214   4   1  93
   0  64  58   0   4
   0   4   0  10  30
   0   8   0   0 415
  0  19   0   1   5
   0 499   0  27  11
   0  44   0   0   0
   0  18   1  33   8
   0  43   0   0 344
  0  55   0   0  23
   0 355  14   5  24
   0  85 262   0  21
   0  43   0  51  17
   0  25   0   0  69
  0   0   0   0   0
   0 338 119 122  34
   0   0   0   0   0
   0   0   0   0   0
   0  47   0   1 238
  0  15   1   0   1
   0 288  28   0  14
   0  69 249   0   1
   0  21   3  88   2
   0  24   1   3 211
  0   6   0   0   2
   0 215  36   7  92
   0  23 159   1  10
   0  41  12  89   9
   0  33  23   3 198
  0  61   0   4  10
   0 419   2   3   4
   0   8   0   0   0
   1  25   5  86   0
   6 124   3  11 307
  0  10   0   1  11
   0 380  32  11   9
   0  13  49   0   0
   0  14   0 190   9
   0   9   1   0 314
  0   2   0   1   2
   0 357  25  13  45
   0  26 139   2   2
   0  23   2 110  11
   0  41   3   1 184
  0  12   0   1  13
   0 379   9   6 102
   0  23   8   0   8
   0  32   0  59  52
   0   4   0   2 299
  0  22   0  13   5
   0 423  40   5  20
   0  19  76   0   1
   0  34   1 113   8
   0  60  22  13 178
  0   3   0   0   6
   0 469  51   1   7
   0  33 120   0   2
   0  64  25  91  26
   0   5   0   0 148
  0  22   0   0   6
   0 225  31   6   9
   0  17 257   2   4
   0  60   2  27   2
   0  23   0   0 266
  0 104   0   0  25
   0 278  17   0  11
   0  68  26   0   1
   0 110   4  83  27
   0  72   2   0 225
  1  20   0   4   5
   0 228   5   9  11
   0 190  91   0   1
   0  44   5 153   2
   0   5   1   2 150
  0   1   0   0   1
   0 410  35  13  51
   0  44 162   2   2
   0  37   2 111  12
   0  39   0   4 127
  0  68   0   2  60
   0 431   5   8 157
   0   0   0   0   0
   0  15   0  23  19
   0  76   1   1 187
  0  19   0  13   2
   0 378  14  29  13
   0  34  30   0   0
   0  19   5 106   4
   4  29   3  23 234
  0  17   0   0   2
   0 374   4   2  18
   0  42  25   0   2
   0  27   4 125  12
   0  49   0   0 350
  0   0   0   0   0
   0 443 108 168  27
   0   0   0   0   0
   0   0   0   0   0
   0  42   0   0 265
  1  60   0   6  10
   0 424   7  10   2
   0  18   4   1   0
   0  27   5  75  10
   0 190  15   4 150
  0  15   1   4   1
   0 313  52   2   4
   0   3 125   0   1
   0  44   6 139   4
   0   9  13  49 174
  0   9   0   0   0
   0 341  59   2  19
   0 149 214   0  25
   0  32  27  48   4
   0  13   0   0  17
  0   2   0   0   0
   0 309 134  14  14
   0  40 298   1   2
   0  34   2  50   1
   0  65  14  21  52
  0  21   0   0   3
   0 394   2   0   7
   0  61   3   0   1
   0  50   1  45   6
   0  25   2   2  98
  0  11   0   0   2
   0 297  66  12   4
   0  28 157   6   0
   0   5  23  48   0
   0  29   0   0 301
  0  10   1   1   8
   0 168  12   4  71
   0  86 162   8  51
   0  15   6 149   3
   0  17   1  10 270
  3  14   0  20   3
  11 449   0  54   8
   0   0   0   0   1
   0  10   1  74   8
   6  24   1  28 184
  0  57   0   0   4
   0 406   7   0   6
   0  19   8   0   0
   0  93   1  79   6
   0  43   0   2 108
  0   0   0   0   0
   0 266  33  15 439
   0  10   2   0  10
   0   0   0   0   0
   0  15   1   4 104
  0  64   1   1  17
   0 360  63   0  24
   0   0   6   1   1
   0  70   9  38  13
   0 125   9   7 180
  0  48   0   3   1
   0 400   4  13   4
   0   8   0   0   0
   0  64   1 228   1
   0  37   0   2  85
  0  18   0   1   2
   0 433   3   5  20
   0 179  39   1   3
   0  39   2  72  15
   0  32   0   0 189
  1  13   0   5   8
   0 366  25 104  14
   0   3   1  28   0
   0  13   4  73   5
   0  91   1   8 290
  0  12   0   1   1
   0 201  38   1   3
   0  30 148   0   7
   0  36   1  75  10
   0  95   0   0 394
  0   5   0   1   3
   0 503 157   2  45
   0   9  99   0   2
   0  15   2  48   1
   0  11   0   0 150
  0   9   0   2   4
   0 293  64   3  10
   0   8 244   3   3
   0  15   0 100   2
   0   2   0   4 287
  1  77   0   8   2
   0 440  43   4   0
   0   0  53   0   0
   0  36   0  79   1
   1 133   0   5 168
  0  20   0  21   8
   1 403   0 120   3
   0  35   0   0   0
   0   8   0 159   1
   0  18   0  12 244
  1  13   0   0   0
   0 359   0   7   7
   0 254   0   1   2
   0  11   4  86   0
   0  98   0   0 210
  0  15   0   7   0
   0 533   0   9   3
   0   0   0   0   0
   0  13   0 104   3
   0  47   0  43 274
  0  44   1   2  12
   0 163  59   2  37
   0   7 179   3  18
   0  21   7 172   1
   1  23   4   5 290
  0   0   0   0   0
   0 452 151   4   8
   0   0   0   0   0
   0   0   0   0   0
   0 192   3  15 104
  0  16   2  32   2
   0 252   3  79  11
   0 104   1   0   0
   0  15   6  63  10
   1  38   0  19 159
  0  29   0   0  27
   0 345   0   8  38
   0 254   0   0  23
   3  52   3  33  22
   0  31   0   0 181
  0  82   1   3  12
   0 301  19   6  15
   0   9   6   0   0
   0  54  10  43   2
   0  80   0   0 408
