0.7958214624881291
0.7825261158594492
0.7982873453853473
0.6581196581196581
0.6840039254170756
0.8319088319088319
0.7025738798856054
0.6407119021134594
0.8204121687929342
0.6892596454640251
0.752548656163114
0.886039886039886
0.7987866531850354
0.7383548067393458
0.7502374169040835
0.7878211227402474
0.808133472367049
0.5811965811965812
0.6720604099244876
0.7692307692307693
0.6087369420702754
0.7799791449426486
0.8300094966761633
0.6723646723646723
0.6418056918547596
0.7831074035453598
0.6465067778936392
0.6733143399810066
0.7489597780859917
0.8119312436804853
0.7113010446343779
0.7897664071190211
0.7163289630512515
0.41379310344827586
0.5904954499494439
0.7931034482758621
0.6961063627730294
0.6942070275403609
0.7768281101614435
0.7597340930674265
0.8774928774928775
0.7050428163653664
0.7654320987654321
0.6229819563152896
0.8667935299714558
0.7649857278782112
0.5984930032292788
0.5842558425584256
0.5328884652049571
0.7212178877259753
