0.8377142857142857
0.7261410788381742
0.6626768226332971
0.8515789473684211
0.7904066736183525
0.86558627264061
0.78159757330637
0.8293357933579336
0.7541436464088398
0.8154981549815498
0.5930018416206262
0.7883211678832117
0.7084870848708487
0.7988929889298892
0.7034990791896869
0.8416666666666667
0.7481162540365985
0.7443064182194618
0.7478354978354979
0.7515991471215352
0.7382690302398331
0.7422324510932106
0.7691489361702127
0.859704641350211
0.7351648351648352
0.8040380047505938
0.7653806047966631
0.6492537313432836
0.4939759036144578
0.8788159111933395
0.7645968489341983
0.8038422649140546
0.3948339483394834
0.6464088397790055
0.7322623828647925
0.8154327424400417
0.7953586497890295
0.6936829558998808
0.7970479704797048
0.4504692387904067
0.737799043062201
0.8361138370951914
0.7518450184501845
0.7440944881889764
0.649171270718232
0.7618110236220472
0.8616236162361623
0.801660516605166
0.8011049723756906
0.7090719499478624
