0.6985539488320356
0.6516192345436702
0.7270114942528736
0.6849852796859667
0.6908734052993131
0.8561001042752867
0.7517173699705594
0.6989553656220323
0.8641975308641975
0.8796185935637664
0.8645731108930323
0.5625744934445769
0.8077651515151515
0.7267987486965589
0.7469077069457659
0.7616209773539928
0.7359924026590693
0.821689259645464
0.7764182424916574
0.7777777777777778
0.5048439181916039
0.8203928905519177
0.6761633428300095
0.7488317757009346
0.7911733046286329
0.7922201138519924
0.6096866096866097
0.7094017094017094
0.8641975308641975
0.6713735558408216
0.8093922651933702
0.6965589155370178
0.6859666339548577
0.6880616174582799
0.8361138370951914
0.592880978865406
0.7324478178368121
0.7730294396961064
0.8259212198221093
0.8008342022940563
0.7671568627450981
0.6581439393939394
0.7291666666666666
0.6397400185701021
0.8007850834151129
0.7546777546777547
0.6559040590405905
0.7834645669291339
0.8093922651933702
0.8569105691056911
