0.7924354243542435
0.7164605137963844
0.577962577962578
0.7428571428571429
0.7844423617619494
0.7612095933263816
0.7340980187695516
0.6582406471183013
0.7979704797047971
0.8509840674789129
0.7747653806047967
0.6976516634050881
0.7647610121836926
0.5494223363286265
0.6153846153846154
0.6923076923076923
0.7609603340292276
0.7100093545369505
0.7899901864573111
0.6913002806361085
0.711340206185567
0.7247796278158668
0.804490177736202
0.7713444553483808
0.7878211227402474
0.7511916110581506
0.8114285714285714
0.8243375858684985
0.7586558044806517
0.7753882915173238
0.6828811973807296
0.8091674462114126
0.7966101694915254
0.8145240431795878
0.7184284377923292
0.6162097735399285
0.845927379784102
0.6931818181818182
0.7902542372881356
0.8480243161094225
0.6892278360343184
0.6734207389749702
0.7605140186915887
0.7778836987607245
0.47236704900938475
0.6781354051054383
0.6606291706387035
0.8128772635814889
0.794200187090739
0.6613657623947614
