0.7611336032388664
0.7592250922509225
0.7156970362239298
0.7746192893401015
0.7459526774595268
0.7142857142857143
0.8393077873918418
0.7007299270072993
0.7436856875584659
0.6035328753680078
0.7640047675804529
0.7526987242394504
0.7454718779790277
0.8054740957966764
0.8381665107577175
0.7698783910196445
0.6419753086419753
0.7124631992149166
0.8325312800769971
0.5887939221272555
0.7361835245046924
0.8529718456725756
0.7150890346766635
0.7101313320825516
0.7210965435041716
0.8094282848545636
0.717896865520728
0.7408231368186874
0.5407262021589794
0.7343599615014437
0.7105004906771345
0.7736202057998129
0.8484565014031805
0.7436856875584659
0.8016838166510758
0.6560913705583756
0.8253189401373896
0.7038581856100105
0.8086359175662414
0.7728740581270183
0.6928361138370952
0.6486229819563153
0.5416276894293732
0.775390625
0.8252032520325203
0.8404588112617309
0.6101218369259607
0.7150595882990249
0.7330552659019812
0.7511693171188026
