  0   0   0   0   0
 300  95  50  12  13
   0   0   0   0   0
  24   0   0  44   0
 129  35  12  23 162
  0  11  10   0   0
   0 149 127  32   3
   0   5 220   8   4
   0   1  20  62   0
   0  60 213   0  94
  1   7   5   0   6
   0 351  50  18  10
   0  53 177   3   4
   1   7  11  68   4
   4  54  54   5 151
  3  56   2   0   9
   0 190  65   0   6
   0  16 278   0   7
   9  35  41  29  63
   3  43   1   0 163
116   0   0  12   0
 385   0   0 141   4
   2   0   0   0   0
  87   0   0  80   0
 103   0   1  35  53
 22   1   0  10   0
  93  69  16 149   1
   0   3  95  95   0
   3   0   0  70   0
 251   6  14  17  44
  0   1   2   0   1
   1  53 228   0  20
   0   3 282   0   4
   3  10  14  71  15
   0   1  38   0 272
  0   0   0   0   0
   0  38  14   0 435
   0   0   0   0   0
   0   0   0   0   0
   5   7   0   0 554
  0   0   1   0  11
   0   0  97   3  71
   0   0 297  57  73
   0   3  29  25  16
   0   0   0   0 370
  4   0   0   0   0
   4 367  23   1  12
   0  15  47   0   0
   4  14   1  20   0
  89  49   0   0 189
  7   1   0   0   2
   5  87  33   6   2
   0   4 212   0   1
   0   0   0  88   0
  41  11  74  33 412
 36  36   6   0   4
  19 219  65   0  14
   0   8  89   0   0
  41  26  11  11  10
  39  57  35   0 113
  1   1   0   0   1
  13 141  48  39  15
   0   5 115   2   1
   3   3   0  90   0
  33  40   5   2 498
 45   0   0   2   1
 165 163  14  20   6
   2  30  14   0   0
  94   2   0 171   4
  79   1  14  12 120
  2  11   6   0   0
  11  20 170  62   2
   0   0 250   4   2
   1   1   0  88   1
  49  26  69  39 237
 37   0   0   3   0
 203  44   6  82   1
   0  18  44  33   0
  14   0   0 189   0
  89   0   0   9  67
 53   0   0  36   2
  41  17   0 233   1
   1   6   0 120   0
   0   0   0  91   9
  55   0   0  84 304
 15  10   1   1   0
  39 134 113   0   6
   0   0 238   0   3
   5  14   1  67   0
 102   7  14   6 183
  8   2   0   0   3
  80 194   2   0   1
   0  92 114   0   4
  52   4   7 125   2
  46   0   1   1 161
 52  15   1   1   1
  68 322  56   2  25
   0   0  24   0   0
  17   3   5  38   2
 102  13   1   0 170
  3   3   0   0   8
  39  48   0   0 306
   0  26   0   0 220
   4   0   0   0 134
   0   1   0   0 137
 14   0   0  13   0
 125   0   0 463   3
   0   0   0   2   0
   4   0   0 193   0
  53   1   6  33 159
 15   3   0   2   0
   7 133 110   0   2
   0   0 160   0   1
  13   8   1  12   0
 102  43   1   2 438
 17   2   1   1   0
  77 131  71  16   1
   0  11 204   0   0
  26   4   0  84   2
  12   5  16   1 174
  0   2   0   1   0
   4 336  41   1  32
   0  23 210   0   8
   0  17   4  62   1
   1  26   4   0 156
  0   1   0   0   0
   2 403 101   0  66
   0   5 107   0   2
   2  36  60  17   1
   1  29   5   0 216
  0   0   0   0   0
   0 187 372  64  12
   0   0   0   0   0
   0   0   0   0   0
   5  42  27   0 344
 47   0   0   1   2
 581   0   0   0  15
  19   0   0   0   1
  66   0   1  81  25
  90   0   0   1 123
  0   9   0   5   2
   0 310 209  17   8
   0   1 132   0   0
   0   6   0  87   7
   5  10   0   1 244
  1   0   0   0   2
 227 113  92   0 147
   4  17  28   0  14
  76   3   5   0  14
   2   0   0   0  34
  0  13   1   0   4
   0  83 243   0  23
   0   1 223   0   1
   9  59  36  54   3
   1  14  10   2 306
  6   1   0   0   4
 134 381   1   0   5
   0 110  80   1   1
  60   2   0  53   3
  38  16   9   0  54
  3   2   0   0  32
   1 104  44   0 194
   0   2  14   0  50
   0  38  20   0  96
   1   0   0   0 418
  3   2   0   0   0
  26 294  29  22   8
   0  29 200   0   0
   2  18   7  91   0
   9  13   7   0  19
 19  12   0   1   3
 121 445  17  12  26
   0  20  25   0   2
  30  12   3  98   1
  57   8   0   3 104
  9  16   0   3   0
  66 229  86   0   4
   0   3 112   0   0
  33   7  35  40  18
  90  24   0   9 115
  3  44   2   0   3
   0 112 178   0   3
   0   1 352   0   4
   4  46  34  47   5
  27  64  12   0 113
 16   3   0   9   1
  68 233  21  69   1
   0  36 166   2   3
   9   2   1 139   1
  39  16  57  24 137
  6   1   0  15   0
   7  70  63 136   5
   0   0 148   0   1
  10   1   1 163   2
   4   0   4   9 141
 30   1   0   1   1
 220 244   1   0  13
   0   0   0   0   0
   6   1   5  51   7
 155   0   0   0 223
  8   3   0   0   2
  30 114 174   0   4
   0   2 180   0   0
  18  34  17   3  34
   9   2   0   0 182
  9  10   0   0   0
 100 266  54  14   3
   0   9 138   0   0
   7   1   4  40   0
 133 127   7   0 134
 51   3   1   5   4
 268  83  36  45  18
   1  29  62   2   1
  11   0   0  33   1
  86   5   8   1 302
 13  18   1   4   9
  32 159 203  22 106
   0   1  48   0   9
  23  23   2  59  23
  89  26  11   0 196
 23   3   0  20   1
 297  41   0 236  13
   0   0   0   0   0
   6   0   0 161   2
  25  10  16  18 147
 29   0   0   2   0
  67 207 156 113   8
   0   3  20   0   0
   9   0   0 187   2
  35   2   1   0 121
 47   3   0   0   7
 376  95   1   0  11
  20  42  34   0   5
 167   0   0  45   7
  72   3   0   0 149
  3   3   0   0   1
   3 158 217   9   9
   0   0 196   0   4
   0  26   8 138   2
  12  25   5   0 197
 17   8   3   5   4
  22 138 237   7  20
   0   0 104   0   3
   5  19  31 100  14
  60   2   9   0 278
  0   2   2   0   6
   0  35 152   0  32
   0   0  82   0   1
   0  30  26  24   2
   0   1   1   0 219
