  9   5   0   1   0
   2 142 230  11   2
   0   0 223   0   7
  23   8   2 112   1
  64  23   4   8 207
  0   1   1   1   0
  20 170  93  14  39
   0   2 237   0  22
   8  29  41  78   1
   7  52  30   1 204
 84   0   0   2   3
 331   3   0  15   8
  28  77   0  30   0
  15   0   0  78   3
 130   0   0   4 151
  6  22   0   0   0
  34 248  47   2  15
   0  12 182   0   5
  15  15  10  41   1
  32  42  80   6 270
  5  12   3   0   2
   5 154 104  11   3
   0   6 332   0   1
  12  38   8 106   0
  17  19   0   0 229
 29  10   1   2   2
  31 165 185  10  84
   0   1  90   0   5
  39  24   5 139   1
   7  15   3   0 111
 23  12   1   0   0
 169 148  17  36  18
   6  46 177   0   0
  51   2   0  37   6
 122   9   0   1  78
  7   2  19   4   3
   6  96 442   7  41
   0   0 128   0   7
   1   3  12  54   0
  13   3  39   4  98
  9   1   0   0   7
  33 312  62   0 154
   0   0 139   0  19
 135   1   0   3  89
   1   0   0   0 119
 24   0   0   1   0
  28 270  97  51   9
   0   8 168   0   1
   9  16   2 167   1
  13   3   0   1 198
 18   6   2   0   3
  20 176 169  10  13
   0   0 108   0   6
  48  14  21  37   3
  47   2   6   9 241
  1   9   0   0   2
  86 260 152   0  31
   1  16 101   0  13
  18  59  34   0  22
   3  68  12   0 134
  7  17   4  14  11
   1 213 138  51   6
   0   0  97   0   0
  35  10  20 102   9
  11  22  21  13 265
  0   0   0   0   0
   0   0 466   0 251
   0   0   0   0   0
   0   0   0   0   0
   0   0   0   0  62
  4  10   3   0   7
   4 107 183   0  60
   0   3 313   8  11
  17  11   9  12  50
  15  35   0   0 191
 58   0   0   5   0
 415  32   1  35  13
   0  33  23  49   0
   0   0   0  32   0
  33   3   4  35  74
 27   5   1   0   3
  33 336 118   0  18
   0   0  49   0   0
 136  38  32  48  12
  12   4   8   0  78
 28   0   0   1  24
 217  97 167   7  31
   0   1 143   0   3
  37   4  29 130  42
  22   0   0   0  86
  3  39   7   3   5
   4 181 219   3  18
   0   0  87   0   0
  15  14  14 155   3
   9  27   4   8 201
 25   0   0   3   2
  44 141 202   6   8
   6   0 133   0   0
  24   1   7  64   0
 171  36  34   1 161
  1  15   0   0   8
   3 107  84   2  48
   0   1 227   0  43
  15  31   6  47   1
   1   1   0   0 135
  0   0   0   0   0
   4  38  57   0 640
   0   0   0   0   0
   0   0   0   0   0
   0   0   0   0 282
 63   0   0  24   0
 198  49   0 394  17
   0   0   0   0   0
  21   0   0 150   6
  20   1  17  21  88
 30   1   0   1   0
 213 203  30  12  14
   2  51 123   4   2
   5  19   6 126   4
  93   4   0   2  74
 13   2   1  20   0
   3  67 158  72   6
   0   0 190   0   6
   7   0   1 178   0
  42   7  22  43 213
 25   7   3   3   0
  12 102 194  60   8
   0   3 252   0  12
  17   1   2 149   5
  42   6  19   4 123
 11  10   0   0   1
   5 285 190   2  25
   0   0 127   0   3
  12   9  20 143   8
  33  18   3   0 145
 27   6   0   4   0
 115 186 112  53  18
   0   2  71   0   1
  15   0   1 219  12
  57   5   1   4 110
 38  20   1   2   3
  62 240  93  33   3
   0   0  13   0   0
  22   9   0 131   5
 112  15   2   0 178
 15   2   0   0   1
  71 237  40   8  75
   0   4  95   0   5
  11   1   1 196   3
  18   0   0   0  54
 55   0   0   0   4
 379 151   6   0  18
   0  45  26   0   2
 119   0   0   4   1
  61   0   0   0 198
 48  14   0   6   0
  31 264  98  12   0
   0   1  67   0   0
   8   5   9 181   3
  49  27   2   5 239
 10   6   1  11   0
  40 208  73  84   2
   0  15 205  27   0
   7   0   0 123   6
  48  26  25   1  85
 38  12   0  16   1
 123 362  35   6   6
   0   0  49   0   0
  41   0   2  90   0
 119  25   9  14  71
 58   2   0  25   5
 145  56   1 159   7
  13  30  32   5   0
  52   4   1 120   5
 132   0   0   9 208
  5  12   3   0  10
   2  77 232   0 148
   0   0   3  24  99
  12  54  39  23   2
   0   4  11   0  79
 16   0   0   2   0
  68  96  27  89   3
   1   7  70   0   0
  17   0   0 148   0
 151   0   0   9 315
  9   6   0   0   8
  46 225  32   0  53
   0  16 152   0   4
  48  26  36  40  15
   6   0   0   0 158
 17   9   1   0   9
   1 329 163   0  36
   0   0 125   0   3
  23  53  53  10   7
   0   0   0   0 105
 31   0   0   0   1
 378  67   0   0   0
   0   1   0   0   0
 103  13   5  66   0
  85   0   0   0 237
  0  10  34   0  12
   0  48 357   0  45
   0   0 235   0  25
   2  24  38  48   3
   6  30  11   0 121
  6   0   0   0   0
 359  39   0   0  72
   2  86   1   0   4
 139   2   6  36  34
  11   0   0   0  42
  2   1   7   0   0
   0   4 149   4   4
   0   1 342  41   5
   2   2   4  97   0
  28   5  22   0 136
 30   3   0   0   0
 219 220  72   0   3
   0   3  53   0   3
  95   2  23  17   9
  68  11  21   0 197
 10   0   0   0   3
 220  76  16  22 363
   0   2  51   0  38
   7   0   0   4   1
  11   1   0   5 129
  1   5   0   0   6
   4 104  36   0 110
   0   0  65   0  55
   4  27   9  30   2
   4   7   0   0 432
  0  28   0  21   6
   1 169 200  27  28
   0   0  42   0   0
  19  41  21  44  19
  86  21   0  17 259
 38   8   1   1   7
  13 168 154   1  32
   0   0 147   0   4
  26  10   5  99  10
  61   3   1   0 205
 61   2   0   0   1
 308 195  72   0  11
   0   0  27   0   0
  91   0   0   0   1
 104   0   0   0 196
 10   0   0   0   5
 126 199  15   7 192
   0   0 198   0   5
 102  37  37  70  16
   1   0   0   0  49
