 14   2   1   1   0
   1  20 145   9   2
   0   0 313   1   1
   1  10   7  69   5
 131  11   3   2 126
 14  21   1   0  11
  26 240   6   1  57
   0  31 126   0  11
   6  13  10  20  29
   4  23   0   0 314
  1   0   0   0  17
  25  48  33   0 353
   0   1  31   0   8
  18   9   8   2 111
   2   0   0   0 252
  7   3   2   0   1
  21 317 109   0  26
   0  11  52   0   0
  12   6  10 155   3
   3  54   3   1 154
  2   2   7   2   2
   9 115 202   1  35
   0   0 210   0   3
   5  10  17  44   5
  34   5  10   0 239
 17  13   0   4   1
  16 157  45  67   4
   0   2 293  11   1
   1   7   8  66   4
  49   7   3   1 272
  0  12   2   0   3
   0  38 247   0  48
   0   0 316   0   6
   0  14  39  14   4
   0   1   7   0 238
 47   1   0   0   0
 351 132  39   0   7
   2   8  29   0   0
  58   1   1  83  15
 129   1   0   2 178
 18   0   0   5   1
 331   0   0 178   9
   0   0   0   0   0
  49   0   0 139   5
  77   1   5   9 259
  9   1   0   1   0
 155 231  29  42  34
   0   5 154   0   4
  21   6   5 134   2
  91   7   0   0 153
 13  13  41   0   9
   1  29 350   0  22
   0   0 142   0   5
   8  11  29  10  52
  13  24  51   0 263
 40   4   0   2   5
 162 103  13  12  35
   0  15  43   0   0
  28   0   0  30  10
  46   1   7   8 395
  3  23   5   0  11
   5 120 374   0   9
   0   0  99   0   0
   0  33  49   8   1
  11  10   8   0 315
 32   4   0   0  11
  70 267  59   0  61
   0   5 134   0   6
  14   6   5  65  12
  33   3   0   0 297
 38   0   0   0   0
 162  94  30   1  11
  22  55 153   0   6
   4   1   1 106  19
  85  12   9   5 272
  5   1   0   3   2
   9  55  11  26   1
   0   3  55   1   0
   1   0   0  16   1
   8   1   9   7 145
  8   2   4   4   6
  10  66 195   0  27
   0   0  46   0   2
  19  15  18 103   4
   2   3   0   8 387
  0  11   7   0  20
   1  91 126   0 158
   0   0  83   0  19
   0  34  33  31   0
   0  44  17   0 291
  5  33   4   0   8
   0 213 208   0  12
   0   0  79   0   0
  12  77  61  24   1
  18  31   2   0 136
  9   5   3   1   1
   7 117 334  15  57
   0   0 171   0   9
   1   4  24  61   6
  12   4   2   0  95
  1  14   0   0   3
   0 120 210   0   7
   0   1 204   0   1
  18  37  19 136   2
  20  21   7   0 138
  0   0   1   0   7
   0  17 127   0 144
   0   0 241   0  18
   0  18  37   4  17
   0   1   1   0 236
  6  10   0   1   2
  28 226 126 159   8
   0   1  50   2   0
   4   1   0 188   2
  12   6   2   1 105
  4  14   0   5   3
   6 205  73  59   5
   0   0 169   0   2
  11   6   7 167   0
   8   0   1   1 202
 56  16   0   0   6
  57 182  79   1  18
   0   0  88   0   1
  73   0   0  14   2
  42   7   0   0 268
  9  17   1   0  37
   8 206  47   0 103
   0   5  28   0   2
   1  16   1  40   8
   3   2   1   0 307
 21   1   0   9   2
 128 131  11  31  18
   0  16 135   0   4
  23   0   1 110  13
 101   1   2   7 194
 36  30   1  30   1
   7 107  26 229   4
   0  13  60   9   0
   1  32  19  69   1
  88 126  35   3 145
  0   0   0   0  14
   0 117  25   0  49
   0 283 102   0  23
   0  14  20   0   6
   0   0   0   0 426
  6   6   0   0   1
   6 152 161   4  66
   0   0 166   0  10
   2   2   2  83  34
   5   4   0   0 371
  3   1   0   0   6
  84 142  53   2 175
   0   3  99   0   1
   4   2   0  16  24
   8   0   0   0 456
 44   0   0   9   3
 248 130   0 139  14
   0  28   0   0   0
  26  14   5 131   4
  81   6   0   0 107
 18   2   6   1   6
 189 136  57  28  56
   7  67  59   6  21
  39   1  10   2  35
  55  89  77   6 111
  2   8  18   5  10
   7  53 114  35  89
   0   0 243   0  49
   2  13  19  56  41
  21  23   6   2 270
 13   1   0   0   6
  39 226  67   0  28
   0   8  76   0   2
  44  11  13  22   0
  19   1   1   0 170
  9   2   0   1   3
  35 328 182  17  43
   0   0  64   0   5
  43   7  10 139   8
  10   0   0   0  53
  4   0   0   0   0
  39 286  40   0   5
   0  48 165   0   5
  60   4   7  36   7
  28   4   0   0 210
 21   6   1   0   1
  60 162 169   1  95
   0   0 126   0  26
   3  51  43   2   4
  29   9   1   0  29
 38  18  10   0   6
   4  79 122   6  10
   0   3 286   0   4
   1   3   3  87   2
  42  10   9   1 340
  0   0   4   0  33
   0   4  93   1 521
   0   0   3   0  35
   0   0  12   0  10
   0   0   2   0 241
 14  11   3   0  13
   8 150 153   0  45
   0   5 163   0   3
  21  25  27  13  11
  14  15   4   0 347
 34   3   0   2   1
 157 252  29  30   3
   0  12 141   0   0
  18   1   3 165   1
  86   8   2   2  69
 28   5   1   0   3
 147 150  52   3   9
   0  21 147   0   1
  92  32   7  23   6
  79   3   0   2 273
  6   5   0   4   0
  33 171 137  31  14
   0   1 100   0   0
   0   1   0  22   0
 109  57 130   1 194
  0   1   2   0   3
   0  10 164   0 117
   0   0 164   0 124
   1   4  33   0  41
   0   0   1   0 421
  0  16   0   1   5
   1 210 198   0  30
   0   1 200   0   2
   4  97  61  29   8
   2  12   2   3 134
 23   3   0   0   3
  45 203  98   0  32
   0   0 168   0   5
 150  18   7  32  13
  22   1   0   0 261
 50   0   0   2   0
 110 206  91  69   4
   0   0 124   0   0
   8   4   3 147   0
 118  17   8  10 113
 12   3   1   8   0
  40 478  13  57   4
   1  37   7   0   1
   1   0   0  98   0
  53  19  30  61 162
  8   1   0   2   3
 106 225  85  37  74
   0   1  31   0   3
   0   0   0  33   1
  27  28   4   0 290
