  1  10   2   0   3
   2 145 310   4  19
   0   0 168   0   5
   0  44  36   9   0
  13  38  17   0 162
 17  10   1   1   3
  29 256 167  10  44
   0   6  96   0   9
  34  34  24  27   6
  30  52  11   0 217
 30   5   0   0   3
  69 166 130   0   6
   0   1 150   0   2
 175   1   0   3  16
  46   1   1   0 106
 34   1   2   0  18
 248 284  42  36  29
   0   2   0   0   0
  71   9  11   8  47
  10   2   1   0 130
  6  14   2   4   1
   3 101 147   6  11
   0   0 199   0   3
   0  24  29  77   2
   3  10  22   5 134
 40  13   0  42   4
  17 146  33  79   2
   0   0 152   0   1
   3   1   0 126   1
  41   1   0 103 154
 12   0   0   3   0
  20 211 111  23   2
   0   0  80   0   1
   6   6   6 124   2
  85  11   8  24  74
 13  11   0   1   0
   0  71 336   2  18
   0   0 221   0   6
   1  38  89  53   0
  32  13   0   0  54
 18   2   0   0   4
  32 304  96   0  12
   0   5 149   0   5
  69  41  58   2  22
   7   3   3   0 237
 61   0   0   6   0
 105   2   0 100   1
  10  64   0 125   0
   7   0   0  59   2
 247   6  19   9 196
  9   2   0   1   0
  38 141 131 118  18
   0   3 165   0   1
   5   1  11 145   0
  12   0   0   1  37
 19   3   4   0   2
  26 214 175   2  10
   0   2 253   0   4
  21  10   8 132   6
  85   2   5   4  32
 15   1   0  19   1
  26 279 104  54  45
   0   0 136   0   4
  14   0   3 117  97
   7   1   0   7 119
 55   0   0   7   4
 282 137   0  11  11
   4  37   3   0   0
  90   0   0  47   0
  27   0   0   0 308
 20   1   0   6   0
 216 342  31  58  10
   0   5  31   0   0
  18   5  14 118   2
  36   2   0   4 150
 54   1   0   0   1
 250 177 102   0   9
   0   0  16   0   0
 141   1   6  20   4
  52   0   0   0 235
 41   1   0   0  69
  46  77  10   0 211
   0  10 103   0   4
  12   1   0  71  13
  79   0   0   2 303
 44   3   0   0   0
 160 271  14  25  27
   0  13 103   0   2
  39   0   0  85   1
 127   6   9   3  87
 36   0   0   4   4
 135 184  37  12  19
   0   0 132   0   1
  22  11  13  61   3
  39   0   0   0 326
105   0   0   0  14
 202  72  15   0  55
   3  29  91   0  11
  45   0   2  56  99
  52   1  39   4 158
  3  11   0   2   4
  94 199 157  15 101
   6   0  97   0   1
   0  25   5  45   0
  24  12   2   1 155
  0   0   2   4   0
   0  63 250  15  19
   0   0 171   0   3
   1   2   3 241   5
   1   0   2  24 153
101  28   5   8   0
  15 210  93 142   0
   0   2  86  13   0
   2   3   1 171   0
  78  14   5  37  53
 27   0   0   1   6
 238 243  14   7  24
   0  43 117   0   2
 115   2   1  89  21
  20   0   0   1  95
 36   0   0   0   1
 337  32   0   0  12
  10  66   2   0   2
 200   0   0  13  11
  59   0   0   0  58
  5   6   0   0   3
   1 162 206   8  20
   0   0 183   0   0
   0  20   2 167   2
  22   1   0   2 187
  5  30   1   0   5
   0  26 222   0  66
   0   0 206   0  72
   1  40  30  38  15
  10  37   1   0 184
 29   1   1   0   9
  26 150  99   3  43
   0   3 252   0  13
  37  10   5  80   4
  31   0   2   1 100
  4   8  17   0   2
   1  16 259   0  23
   0   0 197  98  26
   5  58  30  91   5
   9  14  69   1  86
 15   0   0   0  15
 220 245   2   0 211
   0   0   0   0   0
 118  16  42   8  46
   9   0   0   0  92
  1   8   3   0   0
   0 127 346   0  40
   0   0 113   0   0
   5  71  43  94   1
  13  18  23   1 112
 33   1   0  14   0
 185 147  27  43   7
   0  14 113   0   6
  17   2  12 106   0
 174  15   7  12 134
 21   3   0   4   0
  21 277  88  76  10
   0   0 101   0   0
  21  16   8 171   2
  21   5   0   0 224
 20   0   0   0  21
 122 233  10  14  58
   0  16 145   0  39
  42   1   0 164   8
  16   0   0   0 160
 65  15   0   2   3
  75 281 103   9  12
   0   0  77   0   1
  24   0  10 112   1
  40   7   6   1 225
  0  33   2  14   1
   0 107 132   1   8
   0   1 201   0   2
   3  16  17 141   4
   8  53   6   5  33
 11   4   0   0   0
  14 351 105   0  18
   0   0 122   0   2
  44  32  29 139   5
  44  12   1   1  85
 16   3   0   1   0
  76 248 272  33   2
   0   0   8   0   0
  32   1   0 180   3
  39   8   2  16  19
 10  24   0   1   0
  24 345 126  14   2
   0   0   3   0   0
  25   5   0 139   0
 132  37   1  37  94
 26   3   0   7   4
  49  73 176  28  14
   0   0 192   0   5
  21   0   0 131   2
  29   2   1   1 165
 18  33   4   0   5
   0  78 243   3  74
   0   0 237   0  15
   1  39  26  77   4
   1  48  19   0  94
  2   4   0   1   0
 137 216  33  21  39
   1  79  57   0  15
  97   4   6   4  65
  26   1   0  23 222
117   9   0   0  22
 141 137  47   0 100
   0   0   0   0   0
 154   9   8   0  17
 110   2   0   0 196
  5   5   0   0   1
  57 254 109   6  16
   0   1 115   0   0
  47  18   7 144   8
   4   7   2   1 217
 31  12   1   4   1
  23 279  99   1   4
   0   0 141   0   0
  17  28   1 133   1
  23   7   3   0 175
 32   0   0   0   1
 187 152  24   3  27
   0   0 196   0   2
  40   3   0 124  15
  18   1   0   1 133
  8  12  23  16  38
   4  62 259   0  72
   0   0 217  55  22
   0  67  56  29  10
   0   1   3   0 113
  3   3   0   0   4
   2 150 125  11  28
   0  18 344   0   5
   1  20   5 105   3
   5   0   1   0  90
 45   0   0  25   0
  48 310   7 131   0
   0   6   9   0   0
  16   3   1 147   1
 136   7   2  28  37
 17  13   3   7   3
   7 156 343   0  56
   0   0  58   0   2
  33  27   7 140   5
  26   0   1   1 164
