  0   2  17   0  36
   1  25 278   0  85
   0   0 166   0   1
   2   4  16  41  11
   2   5  23   0 338
  0   0   0   0   1
   2 157 143   0  85
   0  11 180   0   0
   1   4  26   3  40
   3  17   4   0 376
 14   0   0   0   5
 143 220  17   0  20
   0  16  46   0   0
  90   0   0   0   0
  91   0   0   0 389
  0   1  18   0   2
   0  43 474   0  22
   0   1 268   0   4
   0   0 114  12   1
   0   3  20   0  70
 71   1   0   0  42
 234  18  11   0  49
   7  26  91   0   2
  26   2   0   3  13
  57   0   0   0 366
 11  14   0   0   0
 159 372   1   0   5
   0  44   0   0   0
  12  26   7  10   5
  35  52  14   0 286
 60  13   0   0   5
  75 143 162   0  18
   0   1 352   0  15
  72  11   7  18   3
  24  12   1   0  57
  0   0   0   0   0
  15 126 338 115  19
   0   0   0   0   0
   0   0   0   0   0
  35  27  11   0 213
  0   1  14   0   2
   0  52 250   0  28
   0   0 318   0   1
  10   7  24  44  29
   6   5  24   0 204
  0   0   2   0   6
   2  16 242   0  90
   0   0 184   0   9
   0   2 118  27   4
   0   0  66   0 191
 73   0   0   0   2
 222 141   2  60   3
   0   7   1   0   0
  25   0   0  92   0
 231   2  10  18 190
 15   3   2   1   1
  58 221 126  24   3
   0   1  61   0   0
  30   9   4 166   4
   9   5  17   9 284
  2   1   0   2   0
  33 199 185   2  21
   0   0 169   0   0
  29  15  20  75   7
   8  19  13   2 187
  9   4   1   1  11
 176 126  75   0 119
   0  10  21   0   8
  45   0   0   1  97
  19   1   0   0 285
 27   9   1   0   3
  72 277 121   0  18
   0   7  89   0   0
  73   7  13  56   7
  49  21  52   2 149
  3   3   0   0   3
   0 323 190   0  15
   1   9 142   0   3
   4  41  59  98   4
   5   7   1   0 140
 11   8   4   0   5
   5  86 162   0  18
   0   0 277   0   3
   0  27  56   5   3
  27   8   3   0 251
 15  58   5   0  51
   0 139 116   0  51
   0   3  86   0   6
  75  22  44   0  83
  13  14   5   0 267
 30   0   0   0   0
 147  87  12   3   4
   8 128 146   0   0
  46   4   5 147   2
  12   0   0   5 141
  1   0   0   0   1
  63 213 189   3  41
   0   3 205   0   2
  33   1   2 118   8
  47  14   0   0 109
 96   2   2   0  30
 302 141  26   0 132
   0   0   0   0   0
  25   0   2  23   7
  97   6   0   1 161
 34   0   0   0   0
 185 172  53  14  10
   0   7  57   0   0
  39   1   9  83   2
  86   1   4   1 201
 14   2   0   1   2
  85 207  62   5  39
   0   4  62   0   3
  13   3   1 148   3
  84   3   1   3 308
  0   0   0   0   0
  62 265 255 143  21
   0   0   0   0   0
   0   0   0   0   0
  20  14  60   0 213
 52  14   0  10   1
 113 178   6 145   1
   0   4   5  14   0
  21   3   3  76  14
  75  69 107   2 106
  0  10  11   0   0
   0 123 244   3   1
   0   0 129   0   0
   3  33  21 134   2
   0   6  48  31 160
  0   1   1   0   7
   0   0 206   0 215
   0   0  82   0 306
   0   0 107   0   4
   0   1   0   0  29
  0   1   1   0   0
   0  32 415   0  24
   0   0 333   0   8
   0  25  26  31   5
   0   5  87   0  60
 15   8   0   0   1
  96 267  13   0  27
   1  42  16   0   6
  54   1   0  14  33
   6   4   0   0 117
  0   6   4   0   3
   0 106 263   0  10
   0   1 189   0   1
   0   2  61  10   3
   0  22  24   0 284
  0   6   9   0   5
   5  63 123   0  64
   0   7 261   0  39
   0   2  25 139   7
   2   2  27   1 266
 12   0   0  28   0
  47  19   0 449   7
   0   0   0   0   1
   7   0   0  83   3
 135   0   0  24  84
 13  40   0   7   1
  19 298  80  14   8
   0   0  27   0   0
  37  17   0 119   6
  30  28   2   4  89
  0   0   0   0   0
  72  57  48  11 565
   0   3   4   0  15
   0   0   0   0   0
  13   2   3   0 106
  7  31  12   0  33
   2 107 205   0 133
   0   0   7   0   1
   7  60   6   0  57
  95  32  10   0 184
 12  17   0  21   2
   8 151  50 207   5
   0   3   5   0   0
   6   2   0 284   2
  25   9   0   7  83
  7  11   0   0   3
  16 292 129   0  24
   1  60 160   0   1
   9  60  24  20  15
  31  11   0   0 179
 21   1   0   3   2
 225   8   0 272   4
   0   0   0  32   0
  20   0   0  73   2
 221  31   8  11 119
  2  10   1   0   1
   2  81 144   0  16
   0   0 178   0   7
 103   3   1   0  15
  17  72   2   0 398
  1   4   1   1   2
   2 174 462   1  68
   0   0 108   0   2
   0  13  20  24   9
   0   3   2   0 156
  1   7   4   1   2
   1  88 269   1  11
   0   0 257   0   1
   2   6   9  99   1
   2   2   2   6 281
 56  12   0  20   0
  60 111  73 243   0
   0   0  52   1   0
   9   4   2 101   0
 230  18   4   8  47
 43   0   0   6   0
 118 284   0 123   2
   0  33   2   0   0
  24   0   0 144   0
  69   0   0   5 200
 14   0   0   0   0
 364   0   0   6   3
 255   0   0   2   0
  12   7  26  56   0
 199   0   0   0 109
 22   0   0   0   0
 387 158   0   0   0
   0   0   0   0   0
  29   7   1  81   2
 151  12  10  36 155
  6  33  11   1   8
  13  70 148   9  21
   0   0 204   0   3
   3   0   1 184  13
  18   9  21   5 270
  0   0   0   0   0
   0 213 367   0  35
   0   0   0   0   0
   0   0   0   0   0
   0  26  71   0 217
 43   0   0   8   1
 143  81   0 113   8
   0  65   0  40   0
  28   0   1  59   6
 102   2   9  11  93
 53   0   0   0   3
 380   0   0   0  11
 145  89   0   0  43
  86   1   1   6  19
  81   0   0   0 131
 32  44   3   1  18
  11 167  87  55  21
   0   0  15   0   0
  10  17   1  81   0
  66  19   1   1 401
