0.6194285714285714
0.7406639004149378
0.3634385201305767
0.7210526315789474
0.6360792492179353
0.7673975214489991
0.6127401415571284
0.4326568265682657
0.3830570902394107
0.6282287822878229
0.4208103130755064
0.6371220020855057
0.5027675276752768
0.7333948339483395
0.6104972375690608
0.7666666666666667
0.6566200215285253
0.5134575569358178
0.4945887445887446
0.48294243070362475
0.6246089676746611
0.57307249712313
0.6117021276595744
0.7879746835443038
0.6681318681318681
0.7007125890736342
0.616266944734098
0.38899253731343286
0.597775718257646
0.7197039777983348
0.6635773864689527
0.416582406471183
0.3007380073800738
0.574585635359116
0.678714859437751
0.6183524504692388
0.739451476793249
0.4052443384982122
0.7656826568265682
0.2586027111574557
0.6574162679425838
0.6486751717369971
0.5728782287822878
0.48523622047244097
0.5478821362799263
0.5639763779527559
0.6337638376383764
0.5904059040590406
0.6970534069981584
0.6120959332638165
