0.5413105413105413
0.6799620132953467
0.6365366317792579
0.3732193732193732
0.5387634936211972
0.6448243114909782
0.6005719733079123
0.3770856507230256
0.6064769381746811
0.4358706986444213
0.4606116774791474
0.7094017094017094
0.6390293225480284
0.4380574826560951
0.5679012345679012
0.6717411988582302
0.656934306569343
0.48148148148148145
0.5943905070118662
0.6134852801519468
0.3998100664767331
0.570385818561001
0.7018043684710351
0.4539411206077873
0.40922473012757604
0.5693430656934306
0.11574556830031282
0.43304843304843305
0.59500693481276
0.5955510616784631
0.6923076923076923
0.22024471635150167
0.6507747318235996
0.185761957730812
0.3083923154701719
0.5951056729699666
0.6248812915479582
0.20987654320987653
0.6258309591642925
0.439696106362773
0.6894586894586895
0.3491912464319695
0.6391263057929725
0.16999050332383667
0.39581351094196005
0.698382492863939
0.4628632938643703
0.33948339483394835
0.1811248808388942
0.6622264509990485
