0.3348164627363737
0.5152109911678115
0.7164750957854407
0.6506378802747792
0.24435721295387636
0.31282586027111575
0.6653581943081452
0.5622032288698955
0.6571699905033238
0.7473182359952324
0.7909715407262021
0.5578069129916567
0.8001893939393939
0.5349322210636079
0.5680304471931494
0.4541120381406436
0.4415954415954416
0.6642335766423357
0.6696329254727474
0.6601307189542484
0.2023681377825619
0.3423760523854069
0.7198480531813866
0.7126168224299065
0.8223896663078579
0.7049335863377609
0.5042735042735043
0.23836657169990502
0.7340930674264008
0.22593068035943517
0.6132596685082873
0.5985401459854015
0.5289499509322866
0.7792041078305519
0.6781157998037292
0.5617352614015573
0.594876660341556
0.6562203228869895
0.6709021601016518
0.5714285714285714
0.5968137254901961
0.5558712121212122
0.5028409090909091
0.44103992571959144
0.3650637880274779
0.5862785862785863
0.3413284132841328
0.6811023622047244
0.5865561694290976
0.5853658536585366
