0.4908906882591093
0.5654981549815498
0.4994511525795829
0.46294416243654823
0.6438356164383562
0.6444212721584984
0.619283065512979
0.42961418143899893
0.6641721234798877
0.3120706575073602
0.5923718712753278
0.6378802747791953
0.6348903717826502
0.5376344086021505
0.618334892422825
0.4695977549111319
0.5650522317188984
0.5789990186457311
0.7112608277189605
0.4577397910731244
0.5203336809176226
0.6548488008342023
0.5820056232427366
0.5356472795497186
0.16805721096543505
0.7061183550651956
0.4641051567239636
0.6796440489432704
0.38665358194308147
0.34648700673724736
0.43866535819430813
0.49859681945743684
0.7427502338634238
0.6753975678203928
0.7109448082319925
0.6116751269035533
0.6947988223748773
0.49113660062565173
0.5799803729146222
0.6318622174381054
0.4946025515210991
0.4757834757834758
0.42095416276894293
0.7177734375
0.7713414634146342
0.6642335766423357
0.4020618556701031
0.7497291440953413
0.5714285714285714
0.500467726847521
