0.6392988929889298
0.6555661274976213
0.3284823284823285
0.688479262672811
0.7741330834114339
0.556830031282586
0.48279457768508866
0.3872598584428716
0.5369003690036901
0.7750702905342081
0.6047966631908238
0.48532289628180036
0.6410496719775071
0.07958921694480103
0.5954415954415955
0.2591715976331361
0.5615866388308977
0.45275958840037417
0.6153091265947007
0.490177736202058
0.6662371134020618
0.31341821743388837
0.3274087932647334
0.5456329735034348
0.6289248334919124
0.6205910390848427
0.6771428571428572
0.6015701668302257
0.6109979633401222
0.7132616487455197
0.4059869036482694
0.7474275023386342
0.6291126620139581
0.5986261040235525
0.44340505144995324
0.22288438617401668
0.6329735034347399
0.6636363636363637
0.6207627118644068
0.40628166160081053
0.43088655862726405
0.14779499404052443
0.6787383177570093
0.49285033365109626
0.28154327424400416
0.7014428412874584
0.4899904671115348
0.6609657947686117
0.44808231992516373
0.4920486435921422
