 13   5   0  16   9
  43 254  16  87  71
   0  14  81   0   0
  13   7   0  97   1
  12   4   1  10 154
  0   8   3  23   0
   2 159 126   2   0
   0  25 385   0   1
   7  68 123   6   3
   7  11   4  21  37
 21   1   0   3  11
  51  95  26 182   8
   3   3 143  13   2
  19   0   0 117  15
  21   1   0   3 216
 20   3   0   6  13
  73 131  16 145  15
   1   2 157  41   1
  32  12   0  88   3
  30   1   0   7 222
  6   5   0  15   3
  21 275   2  94   3
   1  68 137   3   3
  14   4   0 171   0
   5   4   0  12  21
  5  11   1   2   6
  21 224  76  27  13
   0   7 145   0   3
  42   0   0  55   1
  40  13   0   5 292
 11   5   0   5   0
  13 439  40  32   0
   0   6  90   0   0
  11   0   0 152   1
  63   5   0  10  90
  3   2   0   6   0
   5 323   2  24   7
   0   9 137   0   1
   5   0   0 121   1
   6   1   1  25 227
  2   6   0   2   0
   2 361  57  16   0
   0  17 205   6   0
   2   4   0 168   1
  24  10   2   8  95
  7  12   0   6   0
  16 448  39  52   1
   0  27  89   0   0
  17   1   0 160   1
   5   7   0  17  82
 19   0   0   6   3
  54 377   4  56  13
   0   8  76   0   0
   2   2   0 137   4
  17   1   0   4  61
 11   4   1   4   3
   6 240  22   2  17
   3  85 188   0   9
   8  32   0  80   3
   8   5   1   1 138
  4   8   0   1   4
   9 417   6   1   2
   0  33  66   0   0
   3  13   0  71   1
  28  12   0   3 125
 10  14   2   5   4
  10 286  26  14   4
   0  16 204   0   0
  17   6   0 166   6
  11   8   2   6 152
 15  28   0   5   0
 120 477   0  13   4
   5  74   0   0   0
  50  32   0  60   2
  23   6   0   3  58
  2   6   2   0   4
  13 319 229  39  20
   0   0  23   0   0
  15   5   0 144   6
   3   3   1   2  81
  4   7   0   9  77
  23 362   0  40  44
   0  22   0   0   0
   6   0   0  12  22
   3   9   0   6 284
 24  11   0   3   3
   6  59   1   2   2
   3  18 122  36   0
   0  10   0  38   0
  17   0   0   0 245
 24   2   0   0  11
 203 229  10   2  44
   0  12  89   0   2
  88  18   0  81   3
  16   1   0   0 125
  4   6   0   3   0
  21 347  54  33   8
   1  18 107   6   0
   6   1   0  47   1
  43   4   0   7 131
 12   0   0  14   3
   5 359  50  13   4
   0   8  97   0   0
  20   8   0  96   4
  17   4   0   3 153
  6   9   0   1  12
  22  94  34  32  35
   0   0 111   0   9
   2  13  10 114   1
   8   3   1   5 202
 19   0   0   0   6
  50 264   1  11   4
   0  47  63   7   0
   1   0   0  56   3
  24   1   0   0 225
 15   4   0  13   9
  34 175  13  33  16
   0  49 186   0   0
  23  12   0  44   1
   7   0   2   1 198
 11   6   0   0  24
  27 370 105   2  22
   0   9  87   0   3
   7   8   0  37   3
  24  16   0   0 224
 10   0   0   3   5
  45 245   0  46   4
   4  92  72  11   0
  53   4   0  85   7
  22   1   1   2  64
 25   3   0   2  43
  63 122   0   7  15
   0  30  94   0   1
   7   7   0 119   1
  14   2   0   1 237
  6   6   0   2   0
  16 388  18  28  17
   2   6 172   0   0
  35  23   3 151   4
  20   4   0   0  85
 11  18   1   1   3
  12 354  26   0   2
   2  27 146   0   1
   1  64   0 102   0
  13  18   5   0  56
  5   4   0   5   5
  10 339  39  18   2
   1  14 162   0   1
   1  39   0 121   1
   5   2   0   9 134
  9   5   0   6   7
  28 519  19   5   1
   0  32  99   1   0
   0  23   0  96   0
  41   4   0   5  80
  9   5   0   0   1
   0 242  96   2   1
   0   6 280   0   0
   4 179   6  40   2
   5  12   0   0 131
  0   1   2   6   5
   5 387  36  21   9
   0  27 171   0   0
   1  23   0 140  11
   3   7   7  11  60
  1   1   3   2   3
   5 114 226  19   8
   0   0 178   0   0
  12  13   1 174  13
   5   3   5   3  57
 22   8   0   2  13
  16 241  23   3  20
   1  45  98   0   5
  13  28   0 155   0
  54   1   0   1 220
  2   7   1   1   4
   0 413  63   5  10
   0   3 193   0   0
   2  13   1 167   1
   6   7   4  14 125
 11  14   0  31   5
  31 299  17  74   8
   0  54 144   0   0
  20   7   0 185   0
  16  19   1  12  28
 26   2   0  19   8
  22 378   6  24   9
   1   9  85   1   2
   1   1   0 136  13
  32   3   0   1 170
  9   3   0  22   5
  14 197   3  27  13
   0  20 153   0   0
   2   0   0 108   3
  22   2   0  19 386
  4   5   0   0   3
   4 284  79   1   5
   0  43 287   0   0
  26  67   0 125   2
   9   6   1   1  27
  7   2   0   1  19
  31 408   6  15   7
   0  67 102   0   0
  38   6   0  59   0
  16   4   0  14 120
 28   3   0   3  20
 112 304   7   7  50
   4  48 147   0   4
  21   3   0  56  12
   6   0   0   0 163
 11   0   0  11   5
  35 274   9  27  16
   4  59  82   0   4
  33   1   0  98   8
  49   0   0   3 230
  9   4   0  11   7
  14 278  86  14   5
   1   0 201   1   0
   9   0   0 146   0
  15   6   3  11 180
  0   3   0   0   3
   1 351  95  18   9
   0   0 178   0   1
  27  23   0 112  17
   3   1   0   0  45
  6   3   1  52   8
  16 194  62 103   3
   0  43 104   8   0
   1   0   0 100   2
  40   3   2  24 134
  0  12   2   4   0
   0 212 107   7   0
   0   5 278   0   0
   3  55 119  73   1
  11   9  10   4  65
 18   0   0   0  29
 219 183   0   0  57
   3  68   0   0  12
  21   0   0  52  36
  41   0   0   0 245
  4   3   0   0   1
   6 244   9   0  21
   0  19 155   0   0
   7  86   0  67   1
  21   3   0   0 240
  2   7   0   8   0
  11 265  44   9   8
   2  43 237   3   4
   1  13   7  48   0
  81  24   1  11 111
 10   0   0   0   9
  65 226   9  57  30
   8  44 155   4  10
  12   3   0 169   0
   4   1   0   1  52
 28   2   0   9   3
  41 301   6  56   8
   0  66 103   0   0
   0   0   0 143   5
   9   3   0  10 155
  0   0   0   0   3
  19 367   2   7  23
   0  24  97   0   0
   8  12   0 120   2
   9   6  23   1 226
  7   2   0   0   5
  15 435  37  23  16
   0   2 116   0   1
  18   9   0  96  20
   5   4   0   1  96
  7   5   0   4   1
   9 300  17  34   9
   0   1 152   0   1
   4  13   0  90   1
   9  17   0   1 170
 12   0   0   1   3
  57 411  34  19   6
   0  18 105   0   0
  20  17   0 210   0
  14   0   0   3  47
  3   5   0   0  13
  10 355  35  11  15
   1  32 138   2   7
   6  35   0  93   1
   4   4   0   0 216
  6  18   0   6  22
  16 219   4   9  19
   0  33 171   1   1
   4   0   0  85   4
  10  11   1   2 404
  4   0   0  13  19
  89  37   1 321  85
   1   1  45  34   0
   3   0   0  70   1
  17   0   0  17 218
 13   6   0   0   0
  10 240  32  12   1
   0  56 228   0   9
   8  20   0  99   3
  38   4   5   0 199
 18   1   0   0  27
  70 309  13  10 102
   1  46  55   0   6
  24   2   3  65  42
   4   4   2   0 116
  1   6   7   6  15
  21  51 119  23   9
   0  16 244   0  20
   0  13   9  10   7
   8  24  30  10 326
  6   3   1   3  15
  10 258  86   5  15
   1   2 147   0   3
   2   7   0 145   0
   2   3   2   1 124
  9   0   0   5  19
  39 239  16  99  13
   0  10 141   0   4
   8   0   0  54   1
  11   1   0   1 227
 21   0   0  11  16
  85 285   3  42  37
   0  15 120   4   1
  11   2   0 126  24
   5   0   0   1  69
  1   4   0   0   2
  12 281  56   7  51
   0   0 204   0   4
   5  53   0  55   5
   5   1   0   4 219
  4   0   0   2  46
  37 155   9   3 171
   0  30 141   0   2
  14  13   0  90  40
   2   1   0   0 245
  2   1   1  26  14
   4 150  20 185   3
   1  19 154   1   4
   1   4   0 108   1
  15   2   1  39 119
  4   7   2   0   0
   3 110  76   0   1
   0  59 241   0   0
   1  11   0   0   0
  85 199   5   0 172
  1   1   0  25   0
  14 238  19 125   9
   0   9 159   1   0
   1   2   0 246   0
  20   2   1  38  93
