0.659691629956
0.574926542605
0.620545073375
0.606476938175
0.703575547866
0.729019211325
0.803699897225
0.895143487859
0.841093117409
0.796352583587
0.793838862559
0.754305396096
0.84634448575
0.844169246646
0.625641025641
0.620501635769
0.711827956989
0.813333333333
0.570833333333
0.75
0.824137931034
0.727900552486
0.80179028133
0.740119760479
0.740101522843
0.613402061856
0.752837326608
0.813387423935
0.775202780997
0.829880043621
0.819387755102
0.687561214496
0.81243301179
0.61938534279
0.759545923633
0.863723608445
0.683401639344
0.837723919916
0.84623015873
0.742594484168
0.754880694143
0.699398797595
0.724713242961
0.813186813187
0.773393461105
0.591859185919
0.642784032753
0.506097560976
0.800450958286
0.705319148936
0.704257767549
0.770042194093
0.853530031612
0.825991189427
0.850887573964
0.803480040942
0.816430020284
0.846080305927
0.383196721311
0.792472024415
0.611956521739
0.648205128205
0.808561236623
0.746934225195
0.70728929385
0.78431372549
0.63184079602
0.609142857143
0.539959016393
0.73406374502
